010000
000000
000000
010000
000000
100000
000010
000110
000000
001000
010000
101000
000100
011000
000000
000000
000010
010010
000000
000000
110110
000100
010000
000000
000000
000100
101000
001000
001100
000000
000000
000001
000000
000000
000000
001100
000000
000001
000000
000010
100000
000000
000000
010000
000000
000000
000000
000000
001011
000000
000100
001000
100001
000000
010100
000100
000100
000001
000000
110000
000000
100000
000001
001000
000000
100000
000000
000001
001000
001000
001000
000100
000000
000000
000000
000000
000001
010000
000000
000000
001010
000000
010001
000010
001000
000001
100001
010000
010001
000000
000000
000001
000000
001000
100001
000000
000000
000010
000000
000100
010000
000010
010000
000000
000000
010000
001000
101100
001000
110000
000000
001000
000000
011000
000001
010110
000000
000000
000000
000001
000000
100000
000000
010000
000010
001100
000000
010001
001101
000000
000000
000010
000000
000100
001000
100000
010001
000000
000000
000010
010000
000000
000100
000001
000011
000010
010000
000000
011000
000001
000110
100000
010000
001000
000000
000000
011100
100000
010000
010010
100000
000100
000000
100100
000000
000000
000011
010000
000000
001000
000001
000000
000000
001010
010001
000011
000100
000000
000000
000010
100000
100100
000001
000000
000010
001000
100000
001000
000110
000000
000000
000111
000000
100000
001000
000100
001101
000000
000000
000001
100000
000000
000000
000000
000010
100000
110100
001000
000000
100000
100000
000000
000000
000100
000001
010000
100000
000001
000000
000000
000000
000000
001010
010001
001110
000000
000000
010101
001010
110000
000000
000100
000001
000000
000000
000000
000000
000001
000001
000000
010000
000100
100000
000000
000000
000000
000000
001110
100000
010000
000001
000000
000000
000000
000000
010101
000000
000000
101000
010010
010010
000000
100011
000000
010000
000100
000000
001000
101000
010000
000010
001000
000011
100000
000000
010000
000010
001000
010000
000011
001000
000010
100010
010000
100110
000000
000000
000000
000000
000000
010100
000010
001000
010000
000000
000000
100000
000010
000010
000110
001001
000100
000000
000000
001001
101010
000000
000000
000001
100100
100000
000000
000010
100000
000000
000000
100000
000000
011000
000001
010000
001000
000000
000011
000100
001010
001001
010100
100100
000001
000000
100001
000000
000000
010111
000010
000000
000010
000101
000010
000110
000001
110010
000000
100001
000100
000010
000000
001100
000000
000100
000000
010000
000000
110010
000010
000000
010000
001000
000010
000000
000001
000000
000000
000100
000010
010000
000000
000101
000000
000010
000011
000000
000110
000000
010000
110000
000001
000100
000000
000000
001000
000000
000000
000000
000000
000000
000100
000000
000000
001000
001000
000000
000000
010010
000000
001001
000000
000001
000000
100010
000001
000010
000000
000000
011001
000000
000100
000000
000000
000000
010001
000100
001000
000000
000000
100100
000000
000000
010001
000000
010000
010000
001000
100100
100001
100000
000011
010010
011000
000000
000000
000000
000000
010010
101000
010000
000000
000000
000100
000010
100000
000000
000000
000000
000100
100100
000001
001000
000000
000000
001001
000001
000001
100000
000011
000000
000100
000000
100010
001000
000000
010000
000001
000000
000100
010000
010000
000100
000000
000100
000000
001000
010000
100000
000000
100000
000000
100010
000000
000011
100000
100001
100010
001000
000000
010000
010000
000010
000001
100010
000100
000010
001000
100000
000000
100000
010010
000010
100110
000010
000000
010000
001010
000000
000000
000000
000000
010000
010000
000000
101000
000000
000010
000000
000001
001000
000001
000000
101000
000000
000110
010100
001000
000000
000000
001100
000000
010010
000000
010011
000000
000100
000000
000000
010001
101001
100000
010000
001001
001000
000100
101000
000000
000000
001100
000000
000000
000000
000000
000000
100010
000001
000000
010000
000000
000000
000000
001000
000000
010010
001000
000000
000000
010000
000010
000010
001100
111000
101000
001000
000000
000100
100000
000001
000010
001000
000000
000010
001000
100001
000010
000100
000000
001100
001000
000101
001000
000000
001100
000001
000010
000001
000001
000100
000000
000000
100000
000000
000010
000000
000001
000001
110000
000000
100010
100000
000000
010001
001000
000001
100000
000001
000001
000000
010000
010111
000010
000000
000000
000000
010000
000000
000001
000000
000010
000101
000000
000000
010000
000000
000010
000010
000000
000000
000101
000000
000000
100100
100000
000010
000000
000000
010000
001001
000000
000000
001000
000000
000011
000000
001000
000010
000000
000000
000010
000010
000000
001100
000001
000000
000110
001000
100100
001000
000001
000000
000000
000000
010000
000000
100100
000000
000000
000000
000000
000100
100011
000100
000000
000100
000000
000001
000000
100000
010000
001000
000000
000000
000010
000000
100000
000000
000000
010000
101000
001000
000100
000000
010000
000000
010000
110000
000110
100000
000001
000000
010001
000000
000000
001000
001000
000011
000000
000010
100001
110000
000100
000001
000100
000000
000000
000001
000000
100100
100000
000001
001100
001010
001000
100000
000000
001100
000000
001000
000000
000000
000000
001100
000000
101100
001000
000000
100000
000000
110100
000000
000000
000000
000000
000001
010000
000000
000100
000000
000100
000100
000000
010100
000000
001010
000000
000000
000011
000000
000000
000000
000000
010000
000000
000001
000000
000000
010011
010000
000000
000010
000000
000000
100000
000000
110000
001000
000000
100100
010000
000000
000000
000001
000100
000000
010000
100000
000001
000000
000000
000000
000000
000001
001000
000000
000000
000000
001000
100001
000000
000000
000000
010010
100000
001001
101000
000000
000000
000110
101000
000000
000100
101010
001100
000000
000001
001010
000000
000001
000000
000001
001000
000100
010010
000000
000000
000000
000000
000000
000000
101000
001000
000010
010010
000000
010010
100000
000000
100000
000000
010000
010000
000000
000001
010000
010011
000000
000010
000000
000001
000000
000001
101000
000101
010001
100100
000010
010000
000000
101000
000100
000000
000000
001001
000010
000100
100000
000001
100010
000000
100000
001000
000110
000001
000000
110000
000110
000000
001000
100000
000000
001000
000000
000001
000000
100000
000000
000001
100000
100100
010000
000001
000100
000000
010010
010000
000001
000000
010000
000000
000000
010000
010000
000000
000000
000000
000000
001000
000001
010000
000000
000010
000000
010000
000000
010100
001000
000000
000001
100000
110010
000000
010000
110100
000000
000000
000000
010000
000011
010000
000000
000000
010000
010010
000000
100001
000110
001000
000110
100000
000000
110000
000000
001000
010000
010000
000110
000010
000000
010000
100000
000000
000100
000000
001000
100011
001100
000000
010000
010000
000010
001001
101000
001010
001010
000000
000000
000000
000000
000000
000010
001010
000010
000100
000000
000001
000000
000000
100000
001000
010000
010000
100000
000100
000000
000001
100000
101011
010001
101010
000100
101001
000000
000001