011100
100000
000000
100000
000100
001000
000000
100100
000000
000000
000000
001000
000100
000000
000000
000010
000010
000000
000001
000100
000000
110000
000100
010000
000000
011000
100000
000000
100010
001000
000000
000100
011000
000010
000000
000101
000000
100000
001000
000000
000000
000100
000000
000001
000000
000000
001000
101000
001000
001000
110000
000010
000100
010000
000001
000000
000000
000000
001000
000000
000000
001011
100000
000010
000000
000000
000000
000100
000010
001010
000011
000010
000010
000000
100000
000000
000000
000010
000000
110000
000000
000010
110000
000000
000010
010000
000000
100000
100000
000100
000000
000100
100010
000000
000000
000010
010001
000000
000000
000001
000010
000001
000000
000100
000000
010000
000000
001000
000000
000000
100100
010100
100001
010000
010001
000000
000001
000000
001000
001100
100000
000000
000000
010000
100001
001000
010100
010000
000000
000000
001001
000100
000000
000000
000000
000100
000000
000000
001100
100000
000101
110000
000000
001000
000100
000000
000000
010100
000010
000000
100000
000001
000000
000100
000000
000001
011100
000000
000000
000100
100000
000000
001000
000000
000101
000010
000000
001100
000000
000010
000000
001000
000000
000011
000100
100000
000000
000001
010000
000001
000100
000010
000010
000100
000000
000100
000000
000000
110000
001000
000000
000000
000000
000000
000001
010100
000000
000000
010000
000100
000000
001000
000000
000000
000000
010100
011100
000000
001000
001000
001000
000000
000010
010001
000000
000000
011000
010000
000100
000110
000001
000000
000000
000000
000100
000000
000000
000001
000000
000000
000000
011000
000001
000000
000000
000000
010000
000000
101000
000000
000000
000001
000001
000000
000100
000110
000000
000000
000100
000110
010000
000000
000000
000100
100000
000000
000010
000000
000001
000000
001000
001000
001000
001001
000000
000000
000000
000000
010011
000100
000000
001000
000001
000000
001000
001111
000000
001000
010101
000100
000000
000000
010000
100100
000000
010000
100010
000000
001001
100100
010000
101000
000000
000000
000000
101000
100000
000001
100001
010000
000010
001100
010000
010001
000010
010000
001010
101000
000000
110000
010000
000001
100011
010010
010100
000110
000001
000000
000000
001000
011010
101010
000000
000100
001000
000000
010000
000000
000000
001010
100001
000001
000101
000100
001010
000001
010000
001000
000010
000001
000000
000100
000000
000100
000001
000101
101010
000000
100000
000000
000100
010000
010000
001000
000000
000000
001000
001000
000010
000100
000000
010010
100000
000010
000100
000000
000000
000000
010000
000000
011010
010000
000000
000000
000000
000000
000000
000000
100100
010000
000000
000000
001100
000010
000000
100000
110000
001100
001100
000000
010001
001000
000001
000000
011000
000100
010100
001000
000001
101000
000000
000100
100000
000100
000000
000010
000000
100010
000000
000000
100001
010000
000100
000001
000001
000000
100001
000000
000000
000000
000000
010000
000000
000000
000000
111000
000100
110000
000001
001000
000000
010100
000000
000000
000100
010000
000000
000000
000000
011111
010001
000000
000101
001000
000010
000000
000000
001000
000100
000000
000100
010000
000000
010000
000000
100001
000000
000000
000000
001001
000000
010000
000100
000100
100000
000100
000000
000010
100000
100010
000100
000000
000100
010100
010011
000000
100001
001100
000000
001000
000000
000010
000000
000000
000001
000011
100010
010000
000000
010000
000001
000000
010001
000100
111000
000000
010100
000000
000000
000000
010000
100010
000000
000000
000010
000001
000000
000001
010000
010000
100000
000100
100010
001000
000000
000000
101000
111100
000000
000001
000001
000000
000000
000000
000100
000000
000001
010000
000000
000010
100000
000000
100001
000000
000000
000100
000000
100000
000000
000000
100000
000110
000000
000100
100000
100001
000000
000001
000000
000000
010000
000000
000000
010000
101000
000000
000000
000001
000000
010000
111000
000000
000001
000000
000000
100010
000001
000001
010010
000000
000010
011000
001000
000000
000100
000000
001000
100010
000001
000000
000000
000101
000010
000010
000010
100000
000000
000110
000000
000101
000010
000000
000010
001100
000000
000000
000000
000000
000100
011000
010001
000000
000000
000000
010000
000000
000000
000001
010000
000000
010000
000011
100101
001000
001011
000000
011000
000000
000000
000000
000000
010000
000000
001001
000000
000001
000000
000000
000010
000000
000100
000000
000000
010010
000001
001010
000000
000010
000010
000000
000010
000010
100000
100000
000000
000000
010000
000110
001001
000001
000000
010000
100000
000100
010100
000000
000000
001001
100000
000000
100100
000000
000101
000000
000000
000100
000000
010001
000000
100001
000000
101000
000000
000000
000000
000010
000000
000010
000000
001100
110000
100010
100000
000000
000100
000000
000000
000100
000000
000000
000000
000000
010000
000000
000001
000000
000000
000001
000000
000100
000101
000000
000100
000000
110000
000000
001000
010000
000001
010000
000000
000010
000100
100000
000011
000000
000110
000100
000000
010000
000100
001000
000010
000010
000000
100001
100100
000000
000001
010000
100000
000101
000000
000000
000100
001000
000001
100000
000000
000101
100000
110001
000000
111000
010000
000000
010110
010000
100000
000000
000000
000010
010000
010000
000001
000000
001000
000000
000000
000000
000101
000000
000100
100000
110000
001000
000000
100000
000000
111000
010000
000000
000010
010000
010000
000000
001000
000010
100000
000000
000100
100000
000000
101000
000011
000100
001000
000010
001100
000100
100000
000010
001000
000000
100000
100000
010101
000000
000000
000000
001000
000100
010100
000100
001000
000000
000000
000101
000100
000000
000000
001000
000001
000000
001100
000000
000000
000010
000000
010001
001010
100110
000010
000010
000000
000100
000000
100000
000000
001000
100000
100100
000010
000000
000000
010000
000100
000000
000000
010100
001001
000100
101100
001101
100001
100000
000010
000000
000010
000000
000000
000001
001101
100110
000100
100000
010000
000000
100000
000010
000000
000010
010000
000000
000000
000100
000001
000000
000000
000000
000100
000100
000100
010000
100000
001001
000000
001000
000000
000000
000100
000001
000100
001000
000000
000000
000100
000000
000000
000000
000000
010001
000000
000110
001000
000000
000000
001000
010000
000000
000000
000111
001100
110000
000100
000010
000000
000000
010100
100000
011010
100000
100000
001010
000100
000000
000000
000000
001000
000000
110010
100000
000011
000000
110000
100000
100001
000010
000000
001000
000000
011001
000100
000100
100000
000000
000000
111000
000001
100000
001000
000000
000100
001000
000001
101010
100100
000001
000000
000000
000000
000000
000100
100000
001010
000010
001100
000000
100000
000000
100100
001000
000000
010010
000000
000000
000100
100000
100000
000011
010000
011101
001000
001000
000000
000000
010000
000000
000001
010000
000001
001000
000000
000000
000000
000000
000010
000001
000000
001000
010000
000000
000001
101110
101010
110001
000000
100000
101000
000000