000000
000000
000000
001000
001000
000000
001000
000000
000000
000000
001000
001000
000010
000000
000101
000000
000000
100000
010000
000000
100100
000000
000001
000000
000000
100000
000000
000100
010000
001000
000000
010000
000100
000000
100000
010000
000000
010000
000000
000010
000000
000000
000010
011010
000001
000000
000000
000000
000000
010000
000000
001100
000000
001000
000000
000001
000010
000000
000000
000000
101000
010000
001101
000000
000000
000000
000000
000000
000000
000100
000000
000001
100100
001011
000000
000000
000000
001000
000110
000010
000000
000010
000100
100001
001000
000100
000000
000000
000000
010010
000000
000000
000000
001000
100000
000001
000000
101010
000000
100000
000000
000000
001000
011000
010000
000001
000000
000000
000000
100000
000000
100100
000000
001000
000000
010100
000000
100000
010000
001000
000000
000000
000000
000000
000000
000000
100000
000001
000010
000100
000000
110000
000100
010010
000011
001000
000000
000000
000000
010001
000100
001000
000001
000001
000000
000010
010010
010000
000000
000000
000001
100101
000010
001000
100010
010000
001000
000000
000000
000000
001000
100000
001010
000000
100000
000000
000000
000000
000000
000001
000100
000000
000000
100001
000000
100010
000010
001000
000010
001000
000000
000000
000001
010001
000001
000100
010100
000000
000000
010000
001000
100000
000000
100000
000000
000100
000000
000000
000000
100000
000001
000000
000000
100000
000000
100110
000000
000100
000000
000100
000000
001100
101000
000010
001000
000110
000000
100110
000000
001000
100000
000001
000000
000000
000000
000000
010000
100000
000001
000000
000100
000001
000000
100000
111000
000000
000000
010100
000000
000000
000000
000000
000000
000000
000000
000010
000000
000000
000000
000000
000100
100000
000100
010000
000000
000000
000101
100000
000100
010000
000000
000001
000000
001001
000000
000110
001001
100000
001000
000010
000000
000001
000000
000000
000110
010000
000000
000000
000000
000000
000000
000000
000001
000000
000000
000000
000000
000000
000000
010000
010000
010000
000000
000100
000000
000000
000010
000000
000100
001000
000000
000100
010010
000000
000000
000000
000100
000010
000000
000000
000001
000000
000010
001000
000001
000000
000001
000000
001100
100001
000000
100000
000000
000101
010000
000000
010000
000010
100000
000000
000000
000000
000000
000000
000000
001000
100100
001001
010000
000000
000101
001000
000000
000000
000000
000000
001000
000000
000000
000001
000000
001000
000000
010100
000000
000000
000000
000000
100001
000000
010010
100001
100010
010000
100000
000000
000000
001000
000000
000000
000000
000000
000001
000000
000000
011100
100110
000000
000011
001000
000100
000000
001000
000100
011000
000000
000000
000100
000001
011000
000000
000100
100000
000000
000000
000000
000000
000100
000000
100100
100000
000000
000110
100000
000000
100000
000000
000000
000000
000000
010000
100000
000000
000000
000000
000000
000000
111100
011000
000000
000000
000000
000000
010000
000000
011000
000000
000000
010000
010000
000000
000000
000000
000000
010000
000000
000000
000000
000000
000000
100000
000000
001000
000100
000000
100110
000000
000100
000000
000000
000000
000000
000001
000000
000000
000000
000000
010000
011000
000000
001000
000000
000000
000000
000000
000000
100000
001010
000000
000000
000000
000000
100000
000100
100100
000000
000001
100000
000000
100000
100100
010000
010000
000001
000000
000000
000010
000000
000000
000110
101000
000000
010000
000000
000000
010000
000000
001100
001000
000000
000000
010000
000110
000000
000100
001000
000000
000000
000100
000001
000000
100000
000000
000000
000000
000100
110000
000000
001000
010000
000000
000000
100000
010000
000001
000001
000000
000000
000001
100000
011000
000000
010001
100100
000000
000000
000000
100100
000000
000100
000000
000010
000010
100000
000000
000000
101000
100110
000000
010001
000000
000000
000000
010100
000001
000000
000000
000000
000001
000100
000000
000000
000000
000000
000010
000001
010000
001000
001000
000000
010000
000000
010000
000000
000010
000000
000000
001000
000011
000000
000100
000000
000000
010100
000000
100000
000000
000010
001000
000000
000000
000000
000010
000000
000000
000000
000100
000010
000000
000000
100110
101000
000000
100011
000001
000000
000000
000101
000000
010000
000001
000000
000000
010000
000000
010010
000000
010000
000000
000000
000000
000000
100000
000000
000000
000000
000000
100010
000000
000000
000000
001100
000000
000000
000000
000000
010000
000000
000101
100000
000000
000000
000000
100000
000000
010000
000000
000000
000000
001000
010000
000000
000000
000110
000000
000000
010000
000001
000000
000000
000001
000000
000001
000000
000000
010000
000000
000000
110001
000000
000100
000010
001100
000000
100000
000000
011010
000000
000000
000101
000000
000000
000100
010100
000000
000010
000000
011010
001000
000000
000010
100010
001000
000000
000001
000000
100100
000000
001100
000000
000000
001000
000000
000000
000000
000000
000000
000000
000000
000000
000000
010100
000100
100001
000110
001000
000000
000001
000010
000001
000000
000000
000000
000110
000000
000000
000010
000000
100000
000001
000000
000000
000000
000010
000000
000000
000000
000000
000101
000000
000000
000000
000000
000000
100000
010000
000000
000000
000000
000000
000000
100000
000000
000000
000000
000000
000100
000000
000000
000000
000000
001000
110001
010000
101000
110000
000000
000000
000100
000000
100000
000000
000010
000000
000000
000000
000000
000000
011000
000000
010000
100000
000000
010000
000000
000000
000100
001000
000010
000000
000100
000000
100000
000000
000100
000000
000000
100000
000000
001000
000000
000000
000000
000000
000000
010001
000010
010000
000000
000000
000000
100010
110001
001000
000000
000000
100000
000000
001100
000010
000000
000001
001000
100000
000010
000011
010000
000001
000000
000001
000000
000000
100000
000000
000000
000010
000000
000000
100010
001000
001000
101000
000000
000000
000000
000000
100000
010000
000000
000000
000000
000000
011000
000000
000000
000001
000000
000000
000010
000000
000000
000000
001000
000000
000010
000000
000100
000000
000001
000010
011000
000000
000000
000000
000000
000000
000000
000000
000000
000000
000000
010000
000000
000000
000010
001001
000100
000010
000010
000000
001000
000000
000100
010000
000000
000000
000000
000001
000000
000010
000000
000000
000000
000000
001000
000000
000000
000000
001010
000010
000000
000000
000000
000000
000001
000100
010000
000000
001000
000000
000100
000000
100000
000000
010000
000000
000010
000000
000000
100000
100100
000000
010001
010000
000010
010000
001001
000000
000100
000010
000000
001000
000000
000100
000100
000010
000010
000000
000000
000000
100000
000000
000000
000000
000000
000100
000000
000000
000000
000010
010000
110000
000000
010000
000000
000000
100000
000000
000010
000000
101000
000100
000010
000000
000000
000000
000000
000000
000000
000000
000000
000000
000000
000000
000000
000000
000001
001000
000000
000000
000000
000000
000000
100000
000000
100000
000000
100000
000100
000000