100000
000000
000000
000000
000000
000000
010000
000000
000001
100000
000000
000000
000000
000000
000010
000000
000000
000000
000000
011000
000000
000000
000000
000000
000100
000000
000000
001010
000001
000000
110000
010000
100000
000000
000000
100001
010100
000000
010001
000010
000000
110010
000000
000000
000000
000000
000100
000100
000000
000100
000000
000000
000000
000001
000100
001010
001100
010100
001000
000000
000001
000010
100000
010000
000000
000000
000000
000100
000000
000000
000000
001000
000000
000000
100000
000000
010000
000100
000000
000000
010000
000000
000000
000000
000001
000000
000100
000000
000000
000000
011000
000000
000000
000000
000001
000001
000000
000000
001000
000000
000000
000010
000010
001010
000010
000000
000000
000011
000000
000100
010110
000000
000010
000000
000000
000000
000110
000000
000100
000000
000000
000000
000000
010000
000001
000000
000100
000000
000000
000010
000000
000000
000001
000000
000000
100101
000000
000000
000010
010000
100100
000000
100000
000000
100000
000000
000000
100010
000000
000000
000000
110000
000000
000000
000100
100000
000000
000000
000000
000001
000000
111101
111000
001100
001000
000000
000000
000000
001000
000001
100000
000000
001010
000000
000000
000011
000010
000000
000001
000000
010000
010000
100101
000000
001001
000010
000000
000000
010000
000000
000010
010000
000000
010001
000000
000000
000000
000000
000010
001000
000000
100001
000000
001000
100000
000000
000000
000000
000000
000000
000000
000000
000000
000000
000001
000000
010001
011000
100000
000000
000010
000000
000000
000000
000100
000000
110000
000000
000110
100001
000001
000000
000000
000000
100000
000000
000000
000000
000000
000000
000000
000000
000000
000100
010000
100000
000010
000000
000000
010000
100000
001000
000000
000000
000000
000011
000000
000000
011000
000100
000000
010000
000110
010000
100000
001010
000010
100010
000000
001000
000010
100001
101010
100000
000010
000000
000100
000000
100010
001000
000000
000000
010010
000001
010000
000010
100100
001010
000000
000000
100000
010000
000000
001000
000000
001000
000000
000000
000010
110000
000000
011100
000000
100000
100000
001001
001000
000000
011000
000100
000010
100100
000000
000010
000000
000000
010010
000000
001000
000000
000001
000010
010000
000000
000000
000000
000001
000000
001000
000000
010000
000001
000000
000000
000000
000100
110010
010000
000000
000000
001000
000000
001100
000000
100000
000000
000100
110000
000100
001100
011100
100000
000000
000000
000000
010001
000010
000001
000000
000000
000000
000001
000000
000000
001100
000000
001001
010000
000000
010001
000011
000100
000000
000001
000100
000000
000000
000000
010000
000000
000000
000000
100001
001000
000000
001000
101000
000000
000000
000000
000000
000000
000000
010000
000000
000000
101010
000000
000000
000000
011000
000000
000000
000001
001000
000010
000000
001000
000001
101000
001010
000000
001010
000000
000000
010000
000000
000000
000000
000000
000000
010000
000000
001000
000001
000000
100000
001010
000000
000000
001001
011000
000100
000000
001000
000000
000000
000010
001000
100000
000000
000001
000100
000000
000000
010000
000000
100010
011000
000001
000000
000000
000000
000000
000000
000000
011100
011000
011001
010001
000000
001000
000000
000000
000000
000001
100000
000010
000000
100000
010000
010000
000000
000000
000000
000000
000010
000000
001000
000000
000100
000000
000000
000100
001010
000000
000001
100000
000100
000000
000000
000000
001000
000001
011000
000001
000100
100001
100000
000100
000000
000000
000000
000011
100000
000010
000000
000110
010010
000000
000010
000000
001010
000000
000100
000010
000000
000000
000010
000000
000000
000001
000000
001000
100000
000001
000000
000000
000000
000100
001001
100000
000010
001010
000000
000010
000000
000000
110000
000000
000000
000001
000000
000000
000000
101001
000000
000100
000010
000000
001000
010000
000000
000000
000000
010000
000000
000000
000000
000000
000000
000000
000000
001000
001000
000100
000000
000000
001000
000010
000000
000000
001000
010000
000100
000100
000000
000010
000000
100000
000000
001000
000000
000000
001000
001000
000001
000000
000000
000000
000000
100000
000000
000000
000000
000000
000001
000000
000000
000000
000001
010100
000000
000000
000000
010010
000100
000001
000000
000000
010000
010010
110010
000000
000000
000010
000000
000100
000000
000000
000001
000001
000000
000001
000000
000010
000000
000000
000000
000000
000000
000000
000001
000010
000000
000010
000000
000000
001000
000000
000000
000100
000000
000000
110000
000000
100000
001100
000000
000000
000000
100010
000000
000000
000000
011000
000000
000001
000000
011010
000000
000010
000010
000000
000000
100000
000000
000000
010010
000000
001000
000000
000000
000010
010000
000000
000000
100000
000000
000000
000000
000010
100100
000000
000010
000001
000000
000110
000000
000000
000000
000000
000100
010000
001000
000000
001000
000010
001000
000000
000100
000000
000000
000000
100000
000000
000000
010010
010011
000000
000100
000000
000000
000001
100000
000000
000000
000010
000000
000000
000000
000000
000000
001101
000001
000000
000010
100000
000000
000000
000000
000000
000000
000000
010000
000000
000000
000001
000000
000000
000000
000000
000100
111010
001010
100100
000000
000001
000000
000000
000000
001000
001000
000000
000000
000000
000000
000100
000000
000000
000100
000000
000000
000000
001001
001001
000000
000010
000000
000000
000000
000010
000000
000001
000000
010001
000000
001000
100000
000000
001100
000000
000101
010000
010001
000000
001100
000000
000000
000011
000010
000010
000000
010000
000000
000000
000000
000101
000000
000000
100000
100000
000100
001000
000000
000000
000000
000000
000000
000000
000000
000000
000000
001000
000000
000000
000100
001010
000000
000000
000000
000000
010000
000000
000000
000001
000000
001000
000000
000000
010000
001000
000000
010000
100000
010000
000010
101000
000010
000000
000100
010000
000000
001000
000000
000000
000000
000000
000011
000000
001000
000001
000000
000001
000000
000000
000000
000000
000000
000000
000000
000000
001000
100010
100100
010000
000001
000000
000001
000001
000000
000000
010000
000000
000001
000000
000000
110000
000000
000000
000000
001000
001000
000000
010000
000001
010000
000000
000000
000000
000000
001100
000000
001000
000000
000000
100000
000000
000000
000000
000001
000100
000000
100000
000100
000100
000000
101010
001111
000000
100000
000000
000000
000000
010000
100000
000000
000000
000010
000000
000000
000000
000000
000001
000001
000000
000001
010000
000000
000000
010000
100010
000000
000000
001000
010000
000000
000000
000000
000000
001000
000000
001011
000010
001000
000000
000000
000000
001010
000000
100000
000000
010000
000000
000010
000000
000000
010010
000000
100010
001100
000001
000110
000000
000000
000000
000000
010000
000010
100000
100000
000000
000000
100000
000110
000100
000000
000100
000000
000000
000010
001000
000001
100000
000000
000000
000001
000000
000000
000010
000000
100000
000000
001000
100000
000000
000000
100000
000001
000010