000100
000000
000000
000000
000000
010000
001101
000000
000000
000000
000110
100001
000000
000010
000000
001100
000000
000000
001100
000000
010000
000000
000000
010000
000000
000001
000100
000000
100100
100000
001100
001010
010000
000100
000000
000000
000000
000001
000000
000000
001000
100000
000000
000000
001000
100000
000000
000000
100100
000000
000010
001100
000000
010000
001000
000010
000000
000001
000000
011001
000000
000000
001000
100001
010000
100000
000000
010000
000000
000010
001000
000010
000000
000010
000110
000000
010100
000000
000010
000000
000000
000000
000010
000000
000000
010000
000010
000000
001000
000000
000101
001000
000000
000000
001000
000011
000000
001010
000000
000001
100000
000100
000000
000000
000000
000001
000100
010000
000000
000000
001000
000000
000000
000000
011000
000001
000010
000000
000000
000010
000000
000000
000000
000000
000001
000000
000000
000001
000100
000000
000010
000010
000101
000000
000000
000000
000010
001110
000000
000000
000000
000000
000000
000000
000001
011000
000000
000000
000100
000000
101000
010000
010000
000001
000000
000000
001000
110000
000000
001000
000000
010000
010000
011000
000010
000100
000000
000000
001000
000000
000100
000000
100000
000000
001001
000000
000000
000000
100000
000000
000001
000000
100000
000000
000000
000000
001000
000000
100001
000101
010000
000100
000100
000000
001000
000010
000000
000000
000000
000000
000000
000000
010000
010000
000000
000000
000010
001100
000010
000000
100000
000000
100000
000000
001000
000000
000000
000000
000000
010000
100100
000000
000100
000010
000000
000000
000000
000000
100000
000000
001000
000010
000000
010000
000000
000000
000001
000000
001000
001010
000001
000010
000000
000000
000010
000010
000000
010001
000000
000000
000010
000100
001000
000000
010000
000110
000000
000000
000001
000000
000000
000000
000000
000001
000100
000000
000000
000000
000000
000000
000100
000001
100000
000000
000000
000000
000100
100000
000010
000000
000100
000001
001000
110000
000001
000000
001000
000100
000010
000010
000000
000010
000000
110000
000000
000000
000000
000010
000000
000000
000000
010000
000000
000000
000000
001000
000001
000000
000000
000010
000000
000000
000000
100100
000010
000010
000000
100001
000000
100100
000000
001000
000101
000100
000000
000000
100000
000000
000001
010000
000000
000000
000000
001000
010000
000000
000000
000010
000000
011001
000000
000000
100000
000010
000100
000000
000100
001100
000000
000000
000000
000000
000000
000100
000100
000000
000100
010000
000000
000000
010000
000000
000000
000010
000010
000101
000100
001010
000100
000000
000000
010010
000000
000000
000000
000000
000010
100000
000000
000000
100000
001000
000001
000000
000100
010000
010000
000001
000000
000000
000000
000010
000000
000000
000000
010000
000000
000010
000000
100010
110000
000000
000000
011000
010001
000000
100000
000001
100000
000000
100010
000000
001000
000000
010000
000000
000000
001000
000000
000000
001000
000000
000000
010100
000001
000100
010000
000000
000101
001001
000100
000000
100000
000000
000000
100000
000000
110000
000000
000001
000000
000001
000000
000001
000000
000000
000000
100000
000000
000000
000000
000000
000000
000000
000000
001000
001000
010100
001100
011000
010000
100000
000000
000000
000010
000101
010000
000000
010000
000000
000000
010001
000000
000000
000100
010000
000000
000010
000001
000000
000000
100100
000010
000100
000000
000010
000000
100000
000000
000000
100000
000001
000000
000000
000000
011001
100000
000001
000000
001010
000010
000100
000000
000000
001111
001000
000000
000000
000000
000000
000000
000010
000000
000001
000000
010000
000001
000100
010000
000000
000000
000000
000000
000000
010010
000000
000000
001000
000000
000000
001000
000000
100100
000000
000000
000000
000001
000001
000000
000000
001000
000000
000000
000000
000000
000000
011001
010000
000000
000000
000000
001000
000000
000000
000000
101000
000000
010000
110000
000100
000000
000010
000010
000010
000000
001000
000000
000000
000000
000000
000000
000000
000000
000001
000010
000000
000000
011000
010000
000000
000000
000000
000000
000000
000000
000000
000000
000000
000000
000010
000000
000000
001000
000000
000010
001000
000000
010000
000000
000000
000000
001000
000000
010001
000000
000000
000000
000010
000000
000001
000101
000000
000010
010100
000001
011000
000000
000001
000001
000000
000000
000000
000000
000000
000000
000000
000000
000000
010000
000000
000000
010100
000100
000000
000000
000001
010000
000000
100000
000000
000000
010000
000000
000000
000000
001010
000100
000100
100000
000010
000000
000010
001000
010001
010000
000001
000000
000000
000000
001000
000000
001000
000010
000000
000000
001010
000001
000000
100010
000101
000000
000000
000000
000000
000001
000000
000000
000010
010000
000000
000000
100000
000000
010000
100000
000000
000000
000010
100001
000000
101000
100000
000000
000000
000000
000001
000000
000100
000000
000000
000000
010100
001000
010000
100000
000000
000000
000000
010000
010000
000001
000010
000000
000000
100000
010000
001001
100001
000000
000100
010001
000000
000100
010000
000000
010000
001000
000011
000000
000000
000000
000000
001000
000001
001000
000000
010000
000100
010001
100000
001010
000000
000000
000000
001000
100000
000000
000000
000000
111000
000000
000001
001000
000000
000001
001000
000000
000000
000000
100000
110001
000000
000000
001010
000000
000000
000000
100001
000000
010000
000000
000000
010000
100000
000000
000000
000000
000000
000000
000000
000000
000001
000100
001000
000000
000100
000000
010000
000000
000011
011010
000000
010100
000000
000000
000000
000000
000100
000000
000000
000000
000000
000000
100000
000000
000000
000000
000001
110000
101000
000000
000000
000010
000000
000000
100000
000000
000000
000000
000000
000000
000000
000011
000010
000100
000010
000010
001000
001000
000000
000100
000000
000000
000000
000001
000000
000000
000000
010000
000000
010101
000000
000000
000001
001100
010000
000000
100010
000000
000110
000000
000000
001000
000000
000000
000000
100000
101000
010001
000000
000001
010000
000000
000000
000000
000000
000000
000000
000010
000000
000000
000000
001010
000000
000000
000010
000000
001000
000000
000000
000000
000000
000000
100000
000000
000000
000000
001000
000000
000000
000000
001000
000000
000001
011001
010000
000001
000000
010000
000000
100010
001000
010000
000000
001001
100000
000000
000010
000000
000000
100000
001000
000000
000000
000010
000000
001000
000000
000000
000100
010000
000000
000000
000000
000000
000000
000000
000100
000001
010000
000000
000000
000000
000000
000100
000000
000000
000000
000000
000001
010000
001100
010000
000000
000000
010000
100000
000000
000000
000000
000000
001000
001000
000000
000000
000000
010000
000000
000000
000000
100100
010000
000001
000000
000000
000001
000000
000000
000000
000000
000001
000100
001000
000000
000100
000110
000000
000000
000000
000101
000000
010010
100000
000000
000001
001000
000000
100001
001000
000000
010000
000000
110000
000000
000001
110000
000000
000000
000101
100000