110001
111001
111110
110101
010001
011101
000111
011001
000000
001100
111101
000110
001110
010001
000000
100000
010010
011111
001110
010101
000001
101101
010101
000101
011101
101010
001100
000100
000000
000100
011111
000001
010101
111001
101000
101011
110100
111000
011110
100100
100000
010001
010000
011001
110001
111100
011101
100010
000000
001101
110100
000001
110000
011011
010000
001011
000110
011110
010000
010000
000000
001100
111110
101111
011011
000111
101111
001101
011011
100100
010010
000110
101110
100100
000100
000000
100011
000100
101111
001001
000011
100010
001100
001100
001010
010101
011011
010010
000100
100000
001010
110100
010111
001000
000000
101000
100000
110000
000010
001001
010111
011000
111100
011001
010100
001001
010001
000111
000000
101100
010011
101110
100101
101000
010111
001110
010000
111010
110000
100100
000000
101000
000010
100001
000000
010100
110110
000100
110001
100110
100010
000001
001110
111010
000011
100111
011110
010010
110011
110010
101010
101100
010100
011011
111100
001110
101010
001101
100011
010000
000010
001000
001010
111001
011110
001000
100111
011010
000100
000101
110111
001001
000100
100101
111110
001111
000111
000100
000000
100110
011001
010110
111001
010000
000110
000001
010010
001100
011000
000100
110000
000110
000100
010000
000110
110000
100000
001011
000100
001000
001001
111001
000001
010000
001001
010110
101000
010110
110001
100011
010101
101110
000000
101101
001111
111100
001011
101001
110001
100111
001011
110010
111000
101000
111000
000100
100001
001101
100101
001101
101100
100000
000011
100100
001000
100010
101010
001011
001001
101110
001101
001010
000001
010100
011110
011000
001110
001010
110000
101011
011101
100001
111000
000000
100010
111100
011000
000000
101101
010100
010000
000000
010100
001111
000010
100101
011100
000011
000100
101110
011001
001111
000100
101101
000010
001110
000000
110100
100010
111100
110011
001011
110111
011000
101101
101011
000100
000011
101110
000011
000100
000010
000010
001100
011001
000010
101000
010010
000010
000001
111100
101000
100100
000001
110100
001011
011000
100001
000000
110101
011110
101100
000000
000000
110110
011100
011000
001111
000000
101010
001110
010010
001100
011100
101001
010000
110110
101001
000011
000010
001111
101111
010011
001000
000011
100000
010111
100111
000111
001000
000010
100011
010000
011100
011000
011111
000100
110011
000000
100001
010100
001001
010101
000111
000000
001110
000000
111111
000001
010111
010000
000110
110111
101000
010110
000000
110100
010100
101010
100001
110000
010010
001010
000110
101101
000110
000010
011100
010101
001000
000011
011101
111001
000110
010000
110101
000011
110011
100111
000101
001001
010000
110111
100101
001000
010000
000001
000100
101100
100000
000001
101100
101001
110101
011010
001001
000000
010100
000011
011100
101010
100010
010111
000011
011110
011000
101011
001101
111000
000001
000101
010110
001100
000010
000110
000100
001101
110010
111010
100010
111110
010000
011100
011111
011001
000111
010010
010100
001010
000110
001110
110011
010001
101100
000100
000000
010010
010010
101001
011000
010111
110011
111111
000100
111001
101011
101000
011100
111110
001000
101001
010101
110101
111011
000001
100001
000011
100011
100000
010100
011000
000110
100100
001000
010000
110101
000100
010100
111001
101110
010100
110000
100101
000100
010100
000010
000010
111001
011100
010011
010100
001110
000000
110001
111000
100100
100010
001000
001001
001100
100000
111110
001100
011000
000101
010000
000010
111100
110100
100111
001101
001000
110101
101011
011010
001010
001110
010010
100111
000100
011000
000100
000100
110001
110001
100111
000000
100101
001001
110010
100100
001111
011011
001000
000010
001000
010000
010010
000111
111110
011011
010010
100100
001100
000111
110000
110011
010101
010010
111011
000110
000100
000110
101100
111010
100100
100110
010010
000001
101110
011100
110010
011101
001010
111100
000000
011000
101010
100000
111001
001000
110101
101010
010010
101011
000111
100011
001000
100001
011001
000101
011100
010000
100011
110110
011100
110000
000000
000010
000001
101001
101001
110000
010101
000100
101110
000000
011000
111110
000100
001101
000010
100000
000001
000011
111000
100110
000001
100100
011100
100000
100010
010100
000110
100001
000011
000110
110000
000111
100000
000100
100010
000110
001000
011011
101001
000111
100010
110001
010010
000011
000110
100001
000001
000001
011100
000100
001010
010110
011101
100100
010001
010001
101100
010001
000000
100011
101000
110110
011100
111000
111000
000100
100000
011000
010001
100101
010010
100010
001000
111000
110101
000111
110000
101011
011000
100100
100110
101111
000001
011010
000110
001110
011000
100100
011100
110111
100001
000000
001000
001110
000010
110000
000010
001100
110000
010010
100010
100110
000000
100100
011000
100001
100101
100000
010000
010010
010101
000101
101011
110000
000110
000000
011101
010111
010101
110011
101111
010110
001100
010101
101001
101100
110110
010011
110110
001011
010100
110100
000011
000100
100011
110011
101001
000000
110000
010010
011010
100110
000000
010101
001101
111000
001101
010110
000000
001100
000100
000001
001010
110111
001010
100111
000010
100100
110011
100000
010101
100010
000101
010110
000101
000000
110010
111001
100000
010000
100010
000000
000000
101100
000100
001101
011011
010000
000000
001101
001110
001000
000110
100111
000010
011110
010000
000001
010001
001010
101100
101111
110100
010100
100000
100001
101001
001111
010000
110111
101111
011001
101010
001101
110000
001011
000011
110100
010100
110111
010000
010111
010101
011011
011110
110010
001110
111000
110111
000100
000100
100000
001010
000000
100000
100100
011000
101101
101000
000100
110001
000101
101100
101110
001001
100011
001001
000001
000000
100001
010000
000011
111100
000101
011010
000110
110101
110111
110010
100010
010110
000000
010010
110011
100000
000010
010001
010000
101100
010111
001111
000110
111100
101010
010000
100000
111101
101010
011000
110000
000101
010011
111001
010000
010101
110000
000100
111100
100001
011001
011111
010101
111100
101100
101101
100000
010101
100011
110010
101000
010100
101000
000010
001100
010011
010111
010101
100001
100001
001110
011011
000000
011100
000100
110000
101000
000110
100000
101110
010001
100100
000010
110110
010101
000011
111001
000100
000111
001000
001011
110110
011111
101000
010100
001110
000100
110010
110000
101000
010101
000100
010110
011110
011110
000111
100000
010000
110110
001111
010010
000010
001100
110101
101000
000000
000101
101101
101101
101100
101010
110001
001111
100000
010000
011111
000001
000110
011101
001111
100000
011000
010101
001011
010011
000110
001011
100100
000001
001101
100110
000011
000001
010100
010000
010000
100100
100000
111110
111001
100101
001000
000000
000010
101001
111000
111001
001011
000110
100000
010000
011000
001111
011001
110100
011100
100110
000001
011111
000110
101010
111000
000011
101001
001110
001001
011110
111110
010000
101101
010101
010000
111010
101000
000101
111110
100010
110011
010110
000000
101010
011100
100010
001000