100011
011111
001100
011101
111000
110101
000100
101000
000011
000011
000001
000011
011000
010101
000111
010011
110111
010100
111000
011110
000011
100001
011001
101100
110000
110000
000000
011111
101010
110001
001001
000111
001111
100000
100110
000110
001010
000010
110001
100110
000000
001111
011010
111001
000110
110010
011000
001011
001001
010001
101100
011101
001110
100100
011011
110110
111000
011100
000010
100101
100011
001001
011010
100000
000000
010000
111010
001000
000010
101010
110101
010110
000100
101000
110001
111001
111001
100010
111101
001100
001000
011001
111101
101001
100000
011001
101000
010001
010011
110000
101001
010010
000010
100001
011111
011111
001000
000110
110110
010001
010001
110100
001101
100111
001011
001010
000011
010010
001001
001101
000011
110001
000011
011011
100110
110110
010010
101001
011010
011000
110000
111100
111000
100010
001101
000111
110110
000110
010100
011001
100010
010100
001010
000010
010001
100101
100000
011001
110110
000001
001100
001001
011111
010001
101011
000101
011011
110100
001001
010011
001000
000110
100000
010101
110111
001000
000101
000010
000100
101100
010000
000000
101010
001110
000101
001110
000001
100101
001100
101001
011011
110000
000110
100000
110011
111000
100101
100001
110001
001011
000000
001011
101010
110001
110001
111000
000000
011010
101000
000100
000001
110100
000110
000100
001001
101111
000010
110010
011110
110100
101001
010001
010011
101001
110010
000101
000011
100000
110100
101011
001110
011101
011110
010010
000111
111100
000001
001000
000111
100000
101001
001000
101110
110000
101010
101001
000101
000101
011101
100100
100111
110110
100010
101001
100100
010101
101100
001010
100010
101000
000010
000110
011101
101100
001000
110000
000100
101101
000111
000000
101011
100010
000010
101000
100001
000110
101101
010000
110011
000010
001101
110001
110011
110100
100110
001001
000010
100100
000000
011001
000100
011000
011000
001110
101101
100111
100111
011001
100000
000100
111010
110000
010100
000000
000000
000000
001111
000001
101001
011111
111011
000100
110111
001111
010100
011001
000001
000000
010000
000101
011010
101001
110000
100011
110110
000001
100110
010100
011010
100001
001100
000101
001100
000001
101100
110100
000000
100100
000111
001000
101101
010110
011100
000010
010010
011100
100010
011110
100001
111101
001100
000101
110001
001110
111000
001001
000110
011100
111000
000001
000010
000101
000000
110110
011001
111010
110000
001000
100010
001110
100001
010000
010100
111001
100001
001101
001111
000110
001110
010110
011111
111010
101010
000010
100101
001100
010000
010011
101001
100011
111101
011000
111010
101111
011101
001000
000000
010110
001011
100110
000001
010101
010000
001110
111000
010001
100101
000110
000011
011000
101011
111100
001111
111001
101110
010100
110110
001110
010011
010001
001001
110000
110011
001000
000000
101010
110010
100000
010011
011111
100101
001000
110001
111000
011110
101011
101001
000100
010000
010110
100100
110011
001000
000101
010000
000100
100010
111000
010000
000111
010010
000111
000110
100001
010110
000100
011110
101100
111010
010110
001010
100001
111100
010100
010101
101010
100000
110100
101111
000010
011010
000110
000100
111000
001110
000011
110111
010100
010110
100001
000101
100010
001010
010000
111001
100011
111100
001000
111001
001001
100011
100001
100011
000100
001000
001010
100101
010001
111111
000101
010000
010100
011000
010010
010001
001100
000011
100001
010000
101000
100000
011110
000001
001100
000000
111110
111010
000010
011000
100011
101000
001101
011011
010100
010001
000001
000100
000000
001101
000010
110000
001111
000100
111110
000010
110001
001100
000010
000000
000100
001000
111101
001011
111001
001000
111001
111000
000100
100011
100101
011101
011110
110110
110001
000100
000100
001100
011100
001001
000010
010100
000011
010111
001100
001010
101010
010010
010110
100011
111110
111111
001000
000011
111110
010010
011000
000001
101011
100111
001110
101110
010111
000000
010000
010111
000100
000101
110011
100001
100100
100010
001011
101110
001100
001010
110001
101000
010001
001011
110001
100011
000010
101111
101010
010101
001000
101100
101011
001010
101000
111101
001000
011010
110010
110100
001011
110001
010010
110011
011100
001000
101100
100010
101111
101000
001011
111000
100011
001001
110001
100000
010101
010000
001111
001101
111011
101001
000011
110110
111011
111010
000001
011000
100001
100100
110000
000100
000001
010001
011110
110010
000001
000001
001000
000111
100110
001000
000000
111000
000100
100100
110000
000001
000001
010110
111000
111101
010000
000100
101101
110010
001001
000010
000010
011011
011100
010101
000001
010100
111011
101011
000100
101100
111001
110011
010000
111100
100001
110000
001100
000010
000000
111000
100001
000010
000000
000001
101101
001000
000010
011010
011010
001010
111000
110000
010110
000111
000111
100100
000100
011011
001010
101010
000000
001010
010011
011010
100010
111001
011101
100000
010010
110101
100101
101110
011000
110010
011000
100100
001100
101100
100010
000010
001101
110000
111101
101100
100011
100100
010000
110100
010010
000001
101101
011101
110000
010001
001000
001100
001111
011001
000000
010100
000001
000000
000101
100000
001011
000001
100001
010010
110101
100101
100000
001110
001010
100001
001100
001010
000010
110010
010100
100101
000010
011001
111001
100110
011000
010000
100100
010101
101001
100000
000011
100001
001000
000110
000010
101110
000011
101101
001010
010010
011111
001010
111000
001111
100100
001100
010010
100100
011001
101101
000000
001000
110000
010010
010000
000000
011100
001100
100010
100001
000010
101010
000111
011100
000110
101111
000010
010010
110010
100000
001011
010010
100001
000110
100011
010010
010110
101001
010000
000100
010101
110010
101100
100101
000010
110100
111010
100000
011111
011000
000001
101000
100011
101010
101011
100101
010010
011100
000100
000011
100010
010001
001110
100101
101111
000010
001010
110010
100100
100001
000010
010011
100001
011111
010001
000000
110001
000000
000001
001001
100010
001010
011001
010110
011101
111001
010010
000101
000010
000010
000001
000010
000100
100010
000011
010010
000010
101010
110010
111001
010010
100001
001000
001000
010100
100010
001001
111010
111010
100001
100010
100011
100001
010110
100010
111001
101001
010100
000110
010001
000001
110010
111001
101000
111011
101011
101001
100010
001010
000101
000101
100101
111010
001001
000010
010001
001010
000000
001010
101000
110000
001101
110010
101000
100110
111101
111111
101100
001010
011010
100000
010100
000010
001100
010100
000100
000001
100111
110110
000110
001000
110101
111010
001101
010001
011011
101110
100101
010110
110010
101000
000001
110100
101010
000000
001100
100111
110000
111100
011110
001010
101100
000100
010000
000001
011101
100010
000101
101100
001100
110001
000000
000010
000001
100000
000101
000000
000000
010000
111000
000100
000101
111010
010111
011010
000010
001001
000011
011001
010000
000000
111011
011000
101011
000010
101010
101000
000011
011001
010100
101110
000110
000001
000011
111010
000010
010010