101011
110100
110011
110001
101001
001001
111111
000001
110011
011100
001110
011000
010001
010101
011101
011000
110001
100010
000000
011010
101101
110100
000000
100001
000111
010000
000111
100001
101000
010010
001001
000111
001000
100000
111100
001001
111010
001000
110100
100100
000010
011111
100000
000010
001010
011000
001000
010001
110010
000010
010001
010100
101111
010010
100110
110011
110000
100010
001001
011101
100100
100000
100110
010110
100100
111001
011101
010000
101010
001010
011001
001111
101010
110000
101000
101001
000100
110011
010000
110010
010000
000001
101011
110010
000000
101100
111000
011101
010000
011001
000001
110010
101111
001000
010011
100001
100010
010100
101110
100110
001101
000001
111111
010100
100000
100000
010000
000111
101110
001000
101101
111010
001010
010001
111111
001010
000011
000010
000010
000110
111101
000011
100001
000000
100110
000011
011010
000100
110101
111011
110111
001100
010001
111010
000000
000000
101010
110101
010001
001001
010001
110001
010000
001000
101010
110011
000110
001000
010010
011001
100001
001101
000011
101101
001100
010000
010101
101011
000001
100000
010101
011010
100110
000010
110010
100001
111101
110110
101111
011000
000001
000001
101000
000000
010111
001011
000000
011000
010111
111000
001001
010011
000110
011010
000100
100100
011101
100100
101001
100100
100001
001101
101011
001100
010011
010010
100000
010001
000000
011001
110000
100111
101101
100110
001100
001010
001100
000001
111100
011100
000101
101100
101011
101001
000100
100101
000001
010110
100011
010000
100000
100001
110011
000000
000010
010100
001001
000100
000110
000111
001100
010001
010010
100110
011000
011010
001011
000001
011110
001100
101001
010000
000001
010010
110100
100101
000100
001110
100101
010111
010111
001100
111101
000101
001100
000001
000010
110100
010000
001101
000000
110111
010011
001100
111111
011110
010101
000000
010000
100011
001000
000010
011001
000001
110100
110111
101111
110000
111100
111100
000101
010000
000111
000110
010101
100010
010001
000011
010000
111110
100010
001010
001010
101101
011000
100100
001100
000001
000011
010001
001101
010010
100100
010000
000000
001000
001100
010000
010100
011001
101000
001001
001101
100001
101000
000101
011100
000011
101101
010010
000111
111110
000101
001000
101111
010001
001101
001001
110001
001001
101101
111101
001111
100111
000010
000101
001000
001100
000000
101100
111100
001111
000011
000000
000010
010001
010011
110110
110000
111010
011001
001010
000001
111000
110000
110011
010001
111001
111000
000001
100011
010100
110011
001010
010000
000010
011000
010010
111110
000010
001100
011011
000011
001000
100001
101010
000100
001001
100001
110011
100001
101101
101000
101100
001001
111010
000111
111000
110011
011100
001011
110000
011010
001110
000000
101111
101111
111110
010000
010100
001100
100000
110110
110110
000010
101011
111101
110000
010111
000000
101100
101100
011000
011100
010011
100111
010100
000110
110000
100110
001001
101000
000011
001010
000110
011000
101110
000110
110100
101011
000011
000000
100001
011000
110011
101100
110011
100000
010011
110011
011000
111100
000110
110000
011100
110110
110010
000010
110011
010010
110000
000000
101101
000001
110001
100000
010001
110000
110001
000111
110100
000000
110001
000001
101110
100001
111000
001100
001111
010100
001000
011001
101000
010011
110000
010101
110000
000110
001001
000010
010000
000110
010000
010101
001100
010001
100000
011100
101011
101001
001110
100101
000100
010000
100100
110110
000110
011001
000000
010001
100111
011100
100100
010011
000011
001100
000111
110101
000100
001111
011000
101000
100101
000000
100011
101111
100011
001100
110000
010000
010110
010000
010000
001000
010110
100000
001011
100000
001010
010100
101100
010111
001010
000101
010110
000011
001011
110001
101100
100100
001001
110100
010110
101010
101100
010010
101000
000000
010010
100001
111100
100001
010001
000000
011100
100000
111101
011011
011011
000110
100101
001110
000100
101111
000110
010101
000011
011100
000000
010101
111110
010001
101100
000110
101011
100010
000000
000000
111011
000100
000110
000000
010100
001001
011010
000000
100100
111001
100100
001100
010000
001101
001100
000000
011100
001001
100000
000000
100000
010011
010110
000000
001110
000011
110010
011011
010000
110001
101110
101001
001011
100101
100000
010000
010001
111011
001001
110000
000100
011100
101111
011001
010010
011101
010010
000000
011001
010110
010000
100100
000011
000101
010100
011010
000110
001100
100000
101100
100001
110001
100111
011100
100101
001101
000110
100101
011111
110101
000100
000101
100000
011000
010100
001100
111110
001110
000011
000000
110100
001100
011110
111010
101010
100100
000110
100111
100101
010000
000000
001001
001000
010110
101000
000001
101010
010010
000010
000110
010001
001101
001010
001001
100110
101100
110001
110111
100000
001110
110010
000001
100010
000100
111000
010100
001000
101110
001010
100100
111001
010110
010000
110110
001011
011001
010001
010010
011000
000000
011010
011110
000101
011000
011000
001010
011101
011010
110110
100100
101011
010100
101001
010110
100110
100010
110000
010010
010100
010100
000111
110101
111101
011010
000000
101110
110000
111010
100100
100000
000001
101100
000010
000100
010010
011100
001000
010101
101111
000000
010101
001011
100000
111101
000100
111101
011000
101101
101010
001100
110100
110010
100101
100101
000100
111101
011100
101111
001011
011101
111100
011100
001100
000010
001010
110001
110001
010110
110000
000100
011000
100011
111000
111010
110011
001001
010000
000001
010100
101000
010101
011000
000110
000100
011101
110110
100000
110000
101100
110001
000000
000101
101101
000010
111000
110001
010011
100000
111101
000011
001100
010010
000000
011100
000011
011001
110000
001100
011100
000010
000010
101010
001101
011110
001100
110000
100111
010010
101110
110000
101001
010100
011101
101100
101010
010000
001010
000011
000000
000001
111100
001101
000011
000010
101000
101110
001100
001011
000100
011011
000110
000100
001010
100100
010000
000100
010001
011101
100011
011101
100101
000010
010110
001100
010111
100011
001001
010000
010100
101100
010010
010101
100000
111101
100100
100111
101011
000100
011100
000100
000000
100000
000111
000001
001011
010100
010001
110010
000000
101001
010001
111010
001001
100000
000100
110001
001101
010111
101010
011100
000000
010000
001001
101111
001010
000100
100001
000100
001010
100001
011010
011011
000001
010010
101011
000100
010101
101100
000001
111110
100011
001000
001011
001100
010011
110010
011100
001010
100110
010000
101110
100100
100000
110000
000011
101000
111111
000000
100011
110111
111100
011000
000011
001010
000001
100010
011001
111010
001000
010000
100000
100110
101010
110010
011010
010111
100000
001110
000110
110010
010011
010001
000010
000101
110000
111000
100011
001010
010000
011011
011001
110000
010100
100000
010110
011110
001000
011010
011010
101010
010010
000111
010010
101000
000011
110111
000001
110100
000101
101101
011100
010001
001100
000111
000110
000000
011000
010011
000010
001101
000000
000011