001101
010000
001000
010000
010010
111000
000001
101010
011000
101000
010010
001100
100111
000001
000101
010010
010101
100000
000101
111110
011001
101011
100010
100101
001101
010000
010010
010110
011001
100001
101101
001100
101000
001011
000101
001010
001011
100011
010100
001100
110000
100101
101101
011001
010100
000011
000000
101100
100100
010010
100001
111001
000111
111111
000001
001110
101011
100010
000000
100110
100100
010100
010000
011000
110001
001100
010010
000011
111011
000100
011011
000001
011001
101101
100110
110100
001101
100001
011000
010010
010011
001000
101101
101110
010100
010100
011010
010010
001111
001000
100001
100010
001010
000000
111111
000100
101110
011001
000000
101000
000101
101010
000010
101001
100100
001100
000010
011100
101000
001010
000011
010010
110000
000010
011011
001101
101011
000010
010010
000110
010010
110101
101011
011100
111010
010001
011101
010000
001101
010001
100100
000100
111011
010010
011001
000111
010111
010000
000011
000100
010011
110010
100111
011000
001000
001001
101001
000011
010000
110011
011000
011000
100111
000010
000101
010001
000011
000000
000000
011111
000011
100000
000000
100100
001100
000001
010101
000001
100010
010001
101101
001001
100101
000100
000010
011011
000001
110000
010100
011010
100010
000001
111001
110101
110000
000010
100001
111010
100011
100100
000000
110000
000000
100101
110111
010100
110010
010111
101001
000001
010100
000011
010010
101011
000010
011100
010110
100111
000101
010010
101110
001011
110011
000000
000100
001001
110001
010000
110100
110001
100000
010001
101101
000010
010011
000100
111100
001001
010010
010000
101010
001001
000101
000100
010001
011010
100100
100101
001110
001000
101001
000100
010011
010101
100100
000000
001001
100000
101011
000100
011001
010000
111011
001001
000001
000000
010011
101001
011000
000100
011100
010100
011110
100111
010000
011111
110111
000010
101100
110110
101001
001000
000100
110010
101110
001000
100000
011000
101000
011011
000011
000011
010101
000100
010001
001101
010111
010010
011101
000000
001011
001001
010010
000001
000000
010011
001000
000000
000000
000000
010111
010001
001101
110001
000110
100000
101000
100011
111000
010010
000100
101010
001000
101111
000100
111011
100001
000010
001110
000000
100100
100101
000101
111011
010010
000001
100011
011010
111100
101100
111111
011000
010111
000000
010010
010001
000000
111111
000000
000010
110100
100100
101100
100100
100010
010011
000001
101000
000011
010001
100010
001001
101100
100000
100100
111001
100100
001000
001010
111100
000010
111100
001011
000111
100001
000101
111010
101001
110111
000100
010000
010001
001011
100010
001110
000111
111011
000111
101001
101000
000000
100001
100011
100000
001010
111000
001000
000001
000000
111001
001010
010010
011001
100000
101110
000010
000010
000110
011100
010000
100001
000011
110011
001000
101110
011111
000000
101000
001000
101101
100111
000010
010001
001101
110010
010001
000000
000000
101101
010011
010010
001011
110000
000010
111100
010100
010000
110111
001000
001000
001000
000100
110111
010110
100001
001000
111010
010110
011110
111100
010000
101110
100011
110111
001100
000100
101100
100010
000011
010110
000000
000001
000011
001010
101000
010100
100101
100000
100100
100001
010011
101000
000010
111110
111110
000100
000100
000111
111010
000110
111011
101011
100010
011010
010100
101011
001011
010001
111010
001111
000110
010001
000110
000110
101100
010101
100001
000111
000011
100000
100100
001111
001011
011000
101000
000000
011000
010100
010101
000100
010111
100001
110111
111100
001000
101000
010011
001101
000101
100001
000100
100110
010110
110011
100010
001100
010000
011001
111000
000000
100001
110110
110101
000001
111100
001011
010000
110111
101000
001010
101010
110010
100110
000000
100000
010010
011000
100001
000010
100011
011101
100001
001010
000010
001110
011011
100001
000110
010001
010000
001100
001010
101101
010101
010100
000101
100010
011000
010011
011000
110100
011110
010100
101000
100010
000000
100100
000101
100110
000110
110010
000001
000000
100010
001010
101110
101010
000001
111010
001010
001100
001010
100011
010101
000100
000010
100110
010001
100100
011001
101100
010111
000110
100110
000000
010001
100100
100000
001001
010100
100000
111001
010001
001101
101101
111010
101000
100001
100000
101111
111100
011000
000110
000100
000000
011000
001101
110011
111001
000000
110000
000000
010000
001011
111000
010001
000111
100000
100110
111001
111000
011000
000111
110100
001000
110000
110011
100101
001010
100101
000000
010011
001100
010100
111100
000100
000110
010101
011010
000100
010100
010000
110101
110100
101110
111110
010000
000001
100110
000010
010111
000101
110000
000010
000001
000110
111010
000001
001100
000000
101100
111000
001010
000010
011101
010100
101110
000001
111001
100000
001001
011100
101001
000011
001001
101001
100110
011001
011000
000100
000010
000111
000100
000100
001111
111100
100000
101010
001110
110100
001101
100011
100111
001010
100110
010101
011000
001001
010000
111100
011111
000000
000001
001001
000000
001000
100100
000100
001011
000000
000111
100110
110100
000000
110000
101001
011000
110001
000100
000111
001010
111100
001000
010001
101000
111001
010000
010101
100000
101111
011111
100001
111000
010000
010011
110100
101011
001101
010000
001001
001111
001001
101111
010000
111000
000001
000010
011000
000001
100010
000010
000000
010010
011100
011001
000011
000100
110100
000000
001000
110100
110100
000000
111010
110011
001000
101110
111001
110011
000000
101000
100111
001100
000111
011001
101101
100010
011101
101011
001110
000011
010000
001000
001011
010100
000110
001011
001101
110111
011101
001100
000000
101100
111000
101010
010011
010011
010011
000100
100111
100100
110100
000110
101100
111000
000011
010101
000100
001101
010101
001000
000011
101110
100000
000010
000000
010010
000100
000100
011110
101100
010011
110100
100010
010100
011101
100101
010111
100100
101011
101011
111100
001000
110010
010110
010100
110110
001001
101001
101001
000111
101011
011001
001101
000101
110011
010000
000010
100010
001101
101000
100010
111111
100000
001100
000001
010001
110100
000001
101100
101000
011011
100000
001011
011000
000100
000000
001100
010000
000010
001010
000000
110000
100010
000010
100000
100100
000000
100101
010000
001100
000011
110101
000101
000100
010101
010100
000100
010100
001011
110010
000000
001111
111011
111101
011100
010110
101110
100101
110000
000011
001000
111001
001001
000101
001100
000010
001101
101101
011010
011001
001001
011000
000000
111001
110001
100110
001010
000110
110001
000001
011010
000010
010010
110010
001110
100100
110110
011001
100001
000000
000011
111101
010011
010011
001000
001101
000100
001000
000100
101111
101000
100000
001111
001011
101101
111110
101010
101110
010100
000001
000011
111110
000100
000001
111000
001100
110000
001010
100111
011001
000100
000100
101000
101000
100001
100111
010000
000001
100011
110010
001010
010001
010101
001000
000100
000000
111101
000001
100000
001110
001011
111000
001010
000010
101111
001100
010010
101100
111000