000011
110100
110000
100000
000000
000001
000000
000100
011001
000100
011000
000111
010000
000001
101000
000010
001000
100010
110100
100000
000001
100000
010000
000100
000010
000101
000111
100000
011001
000010
000110
000000
000000
000000
010001
001011
000000
000100
100000
010011
011100
100000
000001
000010
010010
101001
010000
000011
010000
010100
000001
000000
100011
110010
001000
100000
010100
111100
100110
010000
000000
110000
000000
100011
100000
010000
100100
001001
010100
010000
010010
000100
001000
010000
000010
001011
101010
001000
000000
001110
100010
000000
010000
000000
011101
000011
001000
100011
000110
010010
100000
001000
001001
100000
101000
101001
000100
001000
010011
000010
000010
000101
000001
000001
010010
000000
010000
000100
111011
001000
000100
001010
001111
001000
000000
010101
010000
000000
010100
000100
010100
000000
001001
000011
110010
000000
000010
000000
010001
000010
000000
000000
000010
000100
000000
010101
000000
110000
010000
000011
010100
010000
000100
100110
110010
100100
110000
000010
000001
000000
000100
000100
011011
001001
000100
100001
000000
000000
010110
110000
100110
101000
001010
000001
000000
001000
110111
010010
001100
000000
001100
100100
011011
011001
100000
000000
000000
000001
010000
000000
100100
000100
001010
001000
100000
101001
001001
000000
001000
000000
000000
100100
100110
010000
001101
100100
100001
000010
011010
101100
100000
010110
001000
010000
000000
100000
100001
100000
000000
000100
000000
000000
000000
100010
100000
000000
010000
000100
110010
100000
010000
000010
001011
000010
010001
100100
011001
100100
010000
001001
000000
110000
100100
000101
000010
000001
000100
011100
100100
010000
001000
001000
100101
000000
000000
110001
000001
000000
000110
010000
110000
000000
011000
000000
000010
000011
100101
001100
000100
000000
010010
000000
000000
101001
100001
010001
000010
011001
001001
110000
100010
101000
000010
000100
000000
000101
100110
000010
001000
000000
000001
010101
000000
011100
010000
000000
101000
110000
110110
000011
100000
010001
000100
101000
010000
000000
000000
000100
110110
000001
010000
010110
100011
000010
101010
100001
110011
000011
110000
000000
000000
000101
010010
000001
000000
100000
011110
100110
000001
000001
000000
000010
001010
000000
000000
001001
001001
000100
000001
010000
001010
000101
000000
000000
001100
110000
001001
001001
100010
000000
000000
010010
101000
000010
001010
110001
110001
101001
100000
110000
100110
000001
000100
100100
010000
001010
000000
000100
000111
000000
000000
011100
001111
110110
001000
010100
000010
111000
010010
010001
110010
001000
000010
001010
100101
000000
110010
010100
100000
001100
000001
100000
000000
011110
000010
010000
000000
001010
001000
011100
000001
010011
111100
000001
000001
111000
010000
101010
100000
000010
001010
100010
000011
000111
101000
010100
000010
010010
100010
000001
000111
001001
100000
000000
101000
010000
010000
000100
100000
000000
101000
000001
000100
000000
000000
000010
001000
000000
000000
000010
110011
100001
001000
001101
000001
100101
101110
000001
010110
110000
000000
000001
000010
110000
010100
000001
000000
100000
000010
101001
000000
000100
001000
001000
011000
000000
011010
010001
000010
000100
111000
000001
100001
001000
000001
000000
001110
000000
100100
000000
001000
000000
010000
001000
100000
000010
001000
010001
010100
000000
010000
010000
000101
000001
100010
000000
000100
001001
001010
010110
001001
001010
110000
000000
010000
000001
010000
010010
000000
001010
001000
100001
101001
000000
000000
001000
000000
001001
001010
000000
101010
001000
010010
010000
010000
000110
100000
111001
000001
010100
010001
001011
110101
001000
001000
101100
010010
100100
000001
000000
001110
000010
010100
100010
011001
000111
000001
100010
000101
010000
000110
101000
000000
001000
001000
000010
000110
000110
010010
001000
000000
000000
000000
001100
100000
000001
100100
100000
010000
000000
000000
000100
000010
000011
010001
001010
000001
001011
100010
010000
100100
100010
000000
101100
100000
000001
010101
101001
001000
100000
000001
010001
000101
000000
100001
000100
101011
101010
000000
000100
000001
000000
000000
100101
001000
100000
000000
000110
101000
000110
000000
000101
010110
101000
000000
001010
101000
000000
011000
011101
101000
001000
100100
000100
010000
000000
100000
000010
001000
001011
001000
100100
010110
101011
011100
000110
100001
010010
001110
010000
101010
001000
000100
000000
100001
100010
000110
010010
000001
110011
010010
000000
000110
100010
000000
010100
101000
001011
000010
100010
011001
100010
000001
000000
100001
110100
001001
000010
100000
000010
000001
010101
000000
011000
100000
001000
010100
010011
100000
100011
000110
001011
000100
101101
110000
000101
010000
000000
100000
001000
000101
001100
001000
000010
000000
000000
110010
010000
000110
010000
011001
110000
010100
000000
000001
111000
011010
110001
000000
000000
000000
001110
000000
000010
100010
000001
001100
000100
001110
000001
001000
001000
100000
101001
000100
100010
000110
000100
101000
000001
100000
010001
111000
000000
000000
101000
100100
000000
000000
000100
000100
100011
010000
000101
011000
001001
000100
010010
000011
000100
100001
000010
000000
000010
000000
000101
010110
001000
110101
001011
001000
010001
001000
010001
000010
000001
001000
010100
010000
101000
110000
011011
000000
000010
100001
000010
000000
001000
001001
010100
001001
000000
011000
110100
000001
000000
100000
000000
000111
100000
000000
000001
001000
000110
000010
100101
000011
100110
010000
000000
011000
000001
110001
001001
110110
000110
100100
110100
100010
000000
010100
000100
000010
000000
001000
000000
000000
000011
000000
100000
000000
000000
100000
000010
000000
001101
100000
000010
010100
100000
001001
001000
000000
001101
010100
100011
000010
110100
010001
000000
000011
000001
000001
010010
110000
000000
000100
001000
001100
000001
001010
010101
100010
011000
000100
001010
000110
000100
100001
011010
010000
000000
001010
101100
000011
000010
000110
000000
000001
001110
000010
000110
101101
101000
010010
010000
100000
010011
000000
100100
000010
000000
000000
000000
001011
000000
000001
010000
101000
011000
010000
110010
100010
100001
000001
010100
001000
001001
010000
000010
000000
110010
100001
101000
000000
000000
000000
000000
100000
000001
000001
010100
100010
000000
000000
010000
010001
010000
001000
001000
000110
101010
001100
010110
010001
010000
001000
000000
000000
100010
010000
000000
000000
100000
100100
000100
000111
000000
001000
000001
000010
001100
001001
111000
000000
110100
100100
001000
000000
010100
000001
001000
011001
010011
001100
000000
110000
000010
110000
011111
001000
000001
000100
000101
001000
110010
010000
000010
101000
000100
000000
010000
010000
000000
000000
000101
001000
101110
001001
100010
001010
000000
100000
010100
100110
000000
110000
000100
001100
000100
110000
100000
101110
000000
001100
010101
001010
100101
000100
000110
000000
100000
000100
110111
001110
000100
000000
010000
000101
011110