001000
000110
101001
100110
100000
000101
000000
010000
010000
001100
010010
000110
000100
000001
001010
100000
001101
000100
001010
100000
100001
100010
100010
000000
100000
010001
000101
100000
001010
001110
100000
010001
000110
011000
001000
000010
000011
001000
010010
100010
011010
011011
001000
101000
100010
000001
001100
100000
000100
000000
000000
000000
000110
111000
000000
000000
010010
000010
101000
010010
110000
010100
000110
100101
011000
000000
011000
000001
010000
100011
000001
010100
011010
101001
010000
101011
000110
001000
000001
000110
000100
010100
010011
010101
000010
011000
010100
010000
001001
000001
001101
000000
100001
000000
000000
010001
000000
001000
000011
000000
010001
000100
100111
000001
000111
111000
000010
000000
000100
101010
000000
001100
100000
011000
000010
100011
000000
001110
100100
000011
000000
000001
000100
000000
110000
010000
101111
100000
011101
000001
001000
000000
100101
000000
000100
000000
110000
001101
001001
000001
001111
001001
011110
000000
000010
001010
101010
001001
010000
000000
100010
010011
000001
110000
000000
111000
001000
000000
000000
000110
001000
110100
001000
010000
001000
000101
100010
100000
010000
001000
000001
110101
001011
000001
000100
000100
001000
100010
000010
100110
001000
000000
100011
000000
101100
101001
001001
101001
000000
100001
000001
110000
110100
010010
000001
010000
000000
000100
010000
110000
111001
000001
000000
110000
000010
100010
000010
001001
000000
010011
000010
001001
000000
101101
001000
010000
001010
010000
000000
001001
001100
000010
000010
100001
110010
001000
011000
010000
000000
010010
000000
010010
001011
010000
100010
000001
010100
100000
100100
000000
101000
100100
000100
110000
110101
000010
000000
110000
100000
110010
010010
100000
001000
000010
110000
000001
000000
001000
001010
000000
000000
000001
001000
101011
000010
000100
000000
100010
000100
100010
000100
000000
001010
000000
000001
000000
101001
010000
000001
101101
000001
000010
001100
000101
010100
001010
000010
111000
001000
010100
000100
010011
101111
000000
010000
001101
000000
000000
001001
011101
001001
100000
010000
000100
101101
000011
000100
000000
010011
010110
010000
000000
000000
001000
010100
000101
010100
010110
001110
001010
100000
010000
000010
000001
101100
000100
000000
010110
010001
001000
100000
000000
000010
100000
001010
000001
000010
001010
010101
010101
011000
000000
000000
100010
110000
011010
001101
000100
001001
001000
100000
001001
110001
011001
001000
100100
000001
010011
100000
011101
100010
001010
101000
101001
100000
101100
000000
000000
001100
000001
000101
100001
001001
010010
000000
000100
010011
000001
000001
000000
100100
100001
000110
001000
101000
010000
001100
001100
000000
001001
000001
000000
000100
000000
000100
010000
000010
101100
000001
000000
010001
000000
000000
000010
010000
000000
011010
010010
000010
000101
000010
010100
000000
000001
100001
001011
010101
001000
000001
011011
000000
100000
000000
000010
000001
000010
000010
001000
000000
100001
000001
001001
000111
010000
000000
101011
110010
000101
000000
010100
010010
001010
000100
010010
000000
010000
000001
000100
000111
001001
110000
000000
110001
000000
000000
100000
001001
001000
001000
000111
110110
000001
010010
100010
011111
000000
010011
010101
000010
100000
100100
100001
100011
100000
101000
100000
011100
000001
111100
000000
000001
010110
000000
100111
100000
010010
000010
000010
000000
100001
101000
100010
010000
000100
101000
110000
110011
000001
001000
000001
010010
000000
000010
000000
001000
000010
010001
101010
010000
000000
101000
000000
010100
000100
100001
101000
111000
110100
010000
000000
001001
011100
110000
000000
100000
000010
000000
000000
001010
100010
010010
110100
000100
000011
000100
010000
000010
010000
010000
000000
001001
001000
010101
000001
000100
010000
000000
000000
000001
000000
000100
000011
000000
000100
101010
000010
000011
001100
101110
001000
011001
001110
000000
101100
000101
100000
000000
110000
101100
000011
000001
001110
010101
000010
001010
000000
100000
100001
000110
100001
000000
110000
100000
000010
000010
001001
000000
010001
000001
000100
010001
100001
100100
010110
000011
001000
001100
100010
000010
001000
101101
110000
011000
001001
000000
100000
001000
100100
011010
000000
000010
011000
000100
000100
010100
000010
101001
010001
001000
011111
001100
000001
001110
010000
000111
001001
010000
101001
001000
001000
110000
110101
010111
000000
000000
000001
100000
000100
000000
000000
000000
001001
000000
001000
101010
000000
000110
000101
101010
001000
100000
010000
001100
000010
001101
111000
001000
010011
100110
010110
000000
100100
000100
010000
000000
100100
000000
000000
100001
100000
100100
001000
010000
001000
011100
000001
001111
001000
000100
000110
010101
001100
000000
110000
100000
101010
000101
001100
001000
001001
000100
000000
000010
011001
101000
110001
001101
001000
010000
100001
000000
010000
000000
000011
101000
001010
001010
000100
111000
110101
001010
010000
010000
011000
110010
000000
010100
010001
010000
000001
000000
101000
100010
001000
010001
110000
010000
100000
010011
000000
011000
000010
001011
000100
001000
101100
010100
000000
000010
000001
001101
000000
001001
001100
100011
010100
100101
110000
000001
000001
010001
000001
101001
000000
000001
010001
100000
001000
001010
000000
010001
000000
010000
110000
110000
000000
100000
000100
000001
001001
000011
010001
001100
000010
100000
000000
100000
000000
100000
000001
010000
100010
100100
010101
000010
010110
101000
000000
000100
001110
010110
000100
000000
000001
101000
000010
000101
000000
000000
001010
001000
010110
100000
111010
000000
001000
010000
000010
000010
000110
000001
000000
000000
100000
101010
000000
000001
100000
100010
100000
011001
000000
000011
100000
100011
100001
000101
010010
000011
000010
001001
001110
011000
010001
110010
000000
010000
010001
000101
000110
000000
010010
000000
001001
000100
000100
100011
001000
000010
000000
100110
111000
100011
000000
010100
110001
000000
010000
011000
111010
000010
000010
000000
101000
010000
001010
000010
000001
011100
000000
010000
000000
100000
011000
000101
010000
000100
000001
000000
110000
000001
000000
010110
100100
001100
010000
001001
010100
000010
111100
100000
010000
000000
000000
000100
001001
101000
100001
010000
010001
001110
000100
100001
001100
000001
000000
100111
001001
000000
000000
000000
000001
111000
101000
000100
010000
100001
010100
010010
100001
000000
001100
000000
001011
000011
011111
001011
100000
000110
010110
100000
100000
010010
010010
110000
001101
100000
000000
000001
100001
110001
100000
000110
000000
000100
001000
011001
000001
000010
010000
000000
001010
000000
000001
101000
001000
001101
000000
000001
000101
110000
010101
000010
000000
101100
000100
000000
100000
101110
001000
000000
010100
000100
100000
001000
000000
000000
001000
000100
000010
110000
000010
001000
010000
000000
010100
010000
001000
001100
010010
000101
010100
010011
001110
000010
010100
100010
010000
001000
100000