011010
000000
010001
100000
000000
010010
000010
000011
100000
000000
101000
000000
100110
000110
011000
000001
010001
100000
000000
101001
000000
000010
100100
000000
100100
000010
000010
000100
100000
000000
010000
101000
100010
000000
100000
101010
101010
010000
100100
000000
000100
000000
000000
110110
010100
000100
000001
010100
010000
000100
010000
100100
000010
000001
001110
001000
001100
000100
000000
000010
000000
101000
000000
001000
011100
011100
000010
110100
000000
000000
000000
001000
110100
000010
000000
000001
000000
000000
000010
100001
000100
101000
001100
000000
000000
011010
001010
000000
011000
000100
000000
000000
000101
111000
100000
000000
100010
001001
001000
101000
101000
001001
000010
000000
000000
011100
000010
000010
001001
010100
000000
000000
000000
000000
000001
010000
000000
001000
101100
001011
100010
000000
000111
100000
100000
001000
000000
000000
000100
000001
001000
000001
001010
001100
000001
000000
000000
000011
101000
001000
000000
010000
000000
101011
010001
000000
010000
001000
000000
100000
000000
000100
010100
000000
101100
010010
000101
000000
000010
111011
000010
001010
000010
000000
110000
001010
100100
000000
100000
001001
010001
100000
000100
000000
000000
000100
010000
000010
110100
100001
000010
000000
110001
000010
000000
001100
000000
001011
000010
100000
000001
000001
100101
000111
001000
000000
100100
000000
010000
000001
100000
000000
100001
000010
011010
000100
110101
111000
000010
000000
000000
011001
111101
110110
000010
001010
000000
000000
000000
000010
100001
010000
100110
000000
001010
010110
010010
011010
000001
000000
001011
001101
000010
011100
011000
100100
000000
000010
000010
000000
001001
111000
001000
101010
100011
000010
001000
010010
000010
000000
000000
010000
010010
010010
100000
000010
101001
000100
000000
000001
010000
000010
001100
000000
010100
000001
100001
000000
100010
000000
001100
100001
000000
010001
010000
000000
000001
011001
100100
000101
000100
100100
000000
000001
011010
100100
110000
011000
110010
001000
000001
001000
000000
110000
001000
100000
001010
000010
000000
100011
000000
000100
000011
000100
000000
100100
100110
010001
000100
010000
000100
000000
001100
000011
010000
010100
000100
100000
000000
000100
010000
000000
000000
010100
100000
000001
010011
000010
000001
100001
001000
000100
100100
101000
100000
100000
010010
000000
010000
011000
010010
000000
000000
000011
000000
001110
010000
000000
000000
100101
100010
010100
001000
011000
000011
000000
000000
011100
000011
010100
000011
010100
000001
100000
101100
101001
100001
100010
001101
000000
011000
000000
100000
001001
000110
000000
100100
100000
010000
000001
000001
001100
010000
000001
000010
010011
010001
000000
001000
010000
010110
010100
011100
000111
001001
010001
100010
010000
001000
000110
001110
011011
011010
000000
010000
011000
000110
001000
011100
101001
001000
110100
000001
000000
000010
000000
100000
100100
111000
000000
100111
000000
000101
101001
011100
101001
000001
101001
100000
010000
000010
001000
000000
111000
100000
011100
010010
000000
100111
000010
101101
000010
010010
110010
001010
000010
001010
101000
100010
000000
101000
100001
000100
000100
000001
110001
011001
001000
100010
001011
000001
110000
111000
100000
001100
001000
000000
000001
010000
000110
100000
000001
100111
000000
000101
000111
100000
000100
100000
010000
011110
100010
011000
101010
000110
100100
010000
000001
010000
000000
000000
110000
100000
101000
001110
101000
110110
000100
011001
000000
011000
000000
000000
000100
010100
000111
001010
010100
000001
001000
101010
010101
000000
000001
011000
000000
100100
000000
000000
001000
000000
000000
001100
000101
010100
000001
011100
000000
000100
000001
000000
001010
000000
111000
000100
000100
001000
001010
010100
111010
001000
001100
001000
000011
000000
001100
000000
001001
000000
100000
010001
000000
000110
010010
000000
100100
100001
000000
000101
000000
100000
001000
000000
000001
000000
000000
001000
100000
100000
000100
100000
000000
000100
000000
100001
000000
001000
010100
000100
010000
011001
000000
011000
010000
110100
100000
001010
010000
000000
000101
000011
000000
100010
000000
000100
100011
000001
100000
001000
000001
110010
100000
000100
000001
000000
001110
100000
000100
000000
100100
000100
000100
100000
000010
110100
001000
111000
010000
000001
100010
101111
010110
101001
011011
000110
100100
100000
000111
001010
010010
010100
011001
001000
010000
100000
000000
000100
010000
000000
011000
000000
011100
000001
000000
010100
100100
000000
000000
010000
100110
101000
001101
000000
001000
010000
001011
000100
011011
100011
100001
010010
100100
000100
000001
100010
001000
000001
010010
000000
000000
111000
100001
110100
000100
001100
100100
111100
000000
010000
100001
100101
100000
000110
100000
001000
010100
101100
000110
000010
000001
001101
010000
001001
101111
001100
100000
000000
000100
000000
000011
100100
000000
000000
000000
000000
000100
010000
001001
000000
000010
000000
010000
101000
100010
100000
000100
000000
000101
000000
000001
000001
001110
100010
100100
000100
001100
101010
100100
000000
001000
000001
101010
100100
000000
010000
010100
001010
001100
001101
000000
100100
110000
001000
110000
010000
000000
010100
010110
000100
110000
000010
000000
100001
100010
100000
000010
100001
010010
000010
000000
010000
010100
101001
000000
000100
001000
000100
101000
100100
001011
000001
000000
000000
110000
000001
000100
001100
000011
010000
000100
000010
001000
001000
010011
100000
010000
100001
100000
001100
100100
000110
001000
100000
000001
000010
000001
000011
101000
000000
000100
100000
010010
000010
000000
100010
000001
000000
000000
100000
000100
000000
100100
111001
000011
000010
001001
011100
000000
100000
000001
101000
000000
010001
000101
001100
101001
000000
000000
000011
000000
100000
001000
000000
010010
010001
000000
010000
000000
000001
000010
000101
011000
000001
100000
000000
011000
010101
000100
010101
010000
001010
100001
110001
000001
101100
001001
010000
110000
010001
001000
000000
011001
001001
000000
100000
000000
011100
011000
001100
000110
000001
100000
000000
000100
010001
010100
101101
010000
000000
000100
000001
001000
000101
100001
000010
001000
000010
010010
001000
010010
000110
110100
011100
101000
000000
000000
001010
010100
110100
000100
011101
000010
000010
110001
000001
100010
000000
000000
000000
000000
111000
001000
100111
010100
110100
100000
000100
000000
010001
101001
110001
010101
000010
000000
010000
011010
000000
110010
011000
000000
100100
110100
101100
100000
000001
100000
001000
111100
000100
000000
010110
000000
100110
110000
000010
000000
000010
001010
101000
000001
100010
001110
000101
010100
100000
001000
100000
110001
000000
010110
100000
100100
110111
000111
100000
111000
010001
001100
100010
000000
010000
000000
111000
100000
100110
000001
100010
100100
000000
001001
010000
101001
000000
000000
000011
000101
100000
100000
000110
000000
001011
010000
001011
100101
000000
101100
010100
000000
001100
100100