010000
000000
000100
100001
001001
100000
000000
011100
000000
000100
000000
100000
100001
100011
100000
100100
110010
000010
110100
001000
001000
001100
000101
000010
000100
111101
011100
000010
010000
111000
000111
100000
000110
001010
001010
000110
101000
101000
010100
010000
000001
000000
100101
100000
100000
000001
000000
000000
000111
110000
111001
100101
100000
000000
001000
000010
110100
010000
000101
010000
010110
011000
000011
100010
001011
100100
101000
001001
001001
101000
011000
100101
000111
000000
000111
000001
010100
001000
000000
101010
111011
101100
000110
110101
000001
000100
010000
110010
000000
010000
001001
000000
001000
000001
001010
000100
000000
000110
000000
000000
011000
000101
110110
010110
001001
001000
010100
000000
000100
011000
000010
100111
011000
001100
010100
000000
001000
010111
000000
001000
000100
110010
010001
001100
101100
100100
000010
000000
010000
101000
010000
110101
001101
100001
011100
000011
100011
000000
010101
011010
011100
000000
110001
000100
000010
010010
100000
000000
000010
110001
110001
000000
100010
000000
000000
010001
100111
010001
001000
010000
000111
001000
000010
100000
000000
000000
000000
100000
000000
100001
000000
001101
000000
000000
100000
011000
100001
000000
000011
000011
000100
000011
110010
001010
000100
000010
001001
001000
011000
001000
000000
001011
000000
000001
001000
000110
010010
000100
100000
010100
000001
100100
000100
000101
000100
001000
101000
100101
101010
100000
000010
001000
000001
010001
001000
000010
000010
001100
000000
000010
010000
011011
001000
011001
010000
000000
000000
001000
000000
110011
000000
000000
111000
001001
010000
000001
000010
011000
000000
000011
000100
000001
101000
010001
010000
100001
001010
100010
000000
001000
100100
000100
100000
001010
110000
001010
000100
100010
000001
000000
000000
010100
000000
000001
000010
100000
001000
111101
001001
000000
011110
100101
000000
000100
100000
010100
101001
010010
000100
000100
000000
100010
110001
000000
000000
000010
000010
010001
000010
000000
001000
110100
000110
001001
101000
000010
100000
101000
000100
001100
100000
000100
010010
000001
101000
000010
001000
001000
001101
011100
000100
011110
001001
000010
001010
101001
110000
010000
001001
010111
110010
000001
000010
000000
000010
001010
110000
100000
010011
010000
011000
010100
000000
111010
000000
010000
000001
100100
000010
101011
000010
000110
101010
001101
010001
100000
010000
000000
000100
000000
110000
000000
010000
001100
001001
001111
000000
000010
000101
000100
110000
000000
000000
100100
010010
000000
010100
000001
010001
000111
000000
001011
000100
100010
001001
101101
100001
000000
110100
001111
000101
000001
000100
000000
010100
000000
001000
101000
000000
000000
010000
110101
001000
101100
000000
100101
010001
010000
000010
000000
011000
010010
110000
001011
000010
000100
100000
100000
100010
011001
000000
011010
001011
000000
011100
000010
001000
100000
110010
001011
110001
100100
000011
011000
000111
101010
101000
000000
000100
100000
110001
110000
010000
110110
001000
100000
000100
110000
000011
010011
000000
000110
110000
100010
010001
000101
100011
000000
000000
100010
000000
100000
111001
001100
010010
001000
001101
100100
100000
000001
000000
010111
000100
000100
000011
010101
000000
000010
000000
010011
001000
000001
000000
100010
010001
000010
000000
000100
001000
000000
111000
001000
010010
010000
010000
100011
000000
000011
100010
100010
000001
010010
000101
000000
110000
010000
010000
000001
010101
001101
010000
011001
110110
000000
000111
000100
000000
010010
001000
011000
000001
011100
000101
001100
000001
011100
000000
100000
001100
000000
010001
010010
001011
000000
010000
100100
011010
100001
000011
000100
000010
001000
000011
000010
101001
000100
100000
000000
001000
110000
000000
011000
000000
011000
001110
001010
010010
000000
100000
001000
100111
000000
000010
010010
100100
000001
011110
011101
010001
110001
000000
110000
010110
000001
000000
000000
001001
000000
000000
100000
010100
100001
100111
111010
001110
100011
010000
000100
010000
011000
101000
001110
000011
000011
010100
001111
010000
100001
100010
000010
000000
010000
100110
001010
100000
110000
000100
101001
000000
000001
000000
100000
000000
110000
100000
100100
111101
000100
100010
010000
011000
000000
010000
100110
100011
000100
000100
000010
000100
000000
010001
000010
100000
001001
001000
000000
000011
000001
000000
000000
000010
010000
000010
001100
100101
000000
000000
011001
000100
000010
001010
010001
100010
010001
000010
100100
100000
010011
010000
000000
000001
000001
110000
001001
100000
100110
010100
100000
001000
101010
000100
000011
101000
000000
100010
010101
001010
001000
100011
000001
001000
011000
011010
110110
000000
000000
011101
100010
001100
001111
000100
100000
000010
000000
000000
011000
000010
100000
000010
010000
101001
001000
011000
001110
000010
000001
001011
110011
010000
000000
000100
000110
000010
000100
011000
001000
011000
010100
000000
000000
100000
000000
100011
000101
001001
100010
010111
100110
101000
000000
000010
000001
101100
010011
010000
000000
101000
001001
110000
011000
010010
000000
000011
000000
001011
000100
001001
000000
000100
001001
010100
000100
000010
000000
110010
001100
000010
011000
000011
000100
000001
000000
000110
000011
001000
010001
000010
000101
001000
001001
001100
001000
000111
010000
000100
110000
000110
001000
100000
001011
000000
100000
100000
000000
000100
000000
000100
000111
101100
000000
000000
100100
000100
010010
000000
001011
000010
001000
100001
011000
100101
000010
100000
010010
010011
001010
001000
100101
010010
101000
000000
000100
100010
010000
000001
000000
110100
100110
000001
000001
000001
001100
000101
010000
000010
000100
000000
100010
010100
001100
011010
000100
000000
000000
001100
010000
101000
010011
100000
001010
110001
000100
100000
000000
001100
100000
010000
110100
000100
101100
010000
110100
000111
000100
010000
000000
001100
100100
000001
000001
110001
001110
001000
001000
010001
000110
000000
100000
101110
001000
000001
100000
000000
000000
000000
111100
000000
000000
000010
101001
000010
000100
000000
001100
000010
001000
000101
000000
000000
100000
011000
010000
000110
100011
010000
101000
000101
000000
001010
001000
010000
000000
000000
011001
100000
010010
001000
001010
001000
010110
110010
000011
011001
000000
000010
100101
010001
010000
000000
001010
000010
000100
011000
001001
010100
010000
000110
010010
101010
001000
100000
001000
110010
000010
000000
100010
000111
110000
000001
000001
100011
001000
000001
111010
110001
100001
100101
010010
000010
100000
110100
001110
100000
000001
001000
101001
000000
110000
000101
100010
011101
010001
000000
000110
011011
001100
100001
010011
001000
010100
000100
000101
100000
001010
010000
000100
000000
001001
100000
000000
010100
111111
100000
001100
000001
000000
010000
000000
000010
011110
000000
000010
100100
100001
000000
110000
101001
111010
000010
000000
000111
010011
000010
000100
001100
001100
011000
000000
000011
000010