000000
000000
000000
000010
010010
000001
000000
000000
000000
000000
000100
000000
010000
010010
000001
000000
100010
000000
000000
000000
000000
100000
000000
000000
000000
000000
010000
000000
010010
000000
000100
000100
000000
000000
000010
000000
100000
001000
100001
000000
000000
001000
000100
100000
000000
000001
001000
000000
000000
000000
000000
000000
000000
000000
000010
001000
000000
000000
000000
000000
000000
000000
000000
010000
000000
000000
100000
000100
000000
000000
110000
000000
010010
000000
000000
000101
000000
000000
010000
000000
000000
001000
000000
000000
000000
000000
100000
100000
000000
101000
000001
000001
000001
000100
001000
000000
001000
001000
000010
100000
000010
001100
000000
100000
001000
000000
000000
001001
000000
000010
000001
000000
010000
000000
000010
000000
000000
100000
000000
000000
000000
000000
100010
001000
100000
000000
000000
000000
000000
010000
000000
000000
100010
000100
000000
000000
000000
000000
000000
000000
000000
000000
011100
000000
000000
010100
000000
000000
010000
000000
000000
000010
000000
000000
000000
000000
100000
100000
000010
000000
001000
000010
000000
100000
100000
000000
000000
001000
000000
000100
100000
000000
000000
000000
001000
000000
000000
000000
000000
000000
000000
001000
011000
000000
000000
000000
110000
000000
000000
000000
000100
001000
000000
000000
000000
000010
010000
000000
000001
001000
000000
000100
010000
000000
010000
000000
100000
000010
000000
010100
000000
100000
010000
000000
000000
010000
010000
001100
000000
000000
000000
000100
000001
000010
000000
100100
000001
000000
000000
000000
000000
000000
000000
000001
000000
000001
010010
011000
000000
100000
001001
000100
000010
000001
000000
001011
000000
000000
000000
000000
000000
000000
010000
000010
000000
000000
000000
000000
000000
000000
000000
000000
100010
000111
000010
000000
000000
000010
010001
000000
110000
000010
000001
100001
000000
000010
000000
000000
000000
000000
000000
110000
000000
001000
000000
000001
000000
000000
000001
000000
000010
100100
000011
100011
000000
000000
100100
001000
001000
001000
000100
100100
000000
011010
000000
000000
000000
000000
000001
000000
000000
100000
000000
000010
000000
000000
000001
001000
001000
000000
000100
000000
000000
001000
000001
000000
010000
000100
001000
000000
000100
000000
100000
000001
100000
100000
010000
010100
000000
011000
000000
000000
010000
001000
000000
000011
001000
001001
000000
000000
000000
110010
001000
000010
000010
000000
000000
000110
000000
000001
000000
000101
000010
000000
000000
001000
000000
001000
000000
000000
000000
000000
000000
000010
001000
000000
000000
010000
000010
000000
001000
000000
001000
000000
000000
010010
010000
010100
000000
000010
000000
000000
000000
000000
000000
000000
001000
000000
000001
000100
010000
000010
000000
010000
000000
000000
010000
000000
000000
000010
000000
000000
000000
101000
000000
100000
000000
000000
000000
000000
000110
000000
000000
000000
010000
000000
100010
000001
000000
000000
010000
000001
000000
000000
001000
100000
010000
000010
001000
000000
010000
000000
000000
000010
000011
000000
000000
000000
000001
000000
001001
000000
000000
000000
000010
000000
000100
000000
000000
000000
000000
000000
010000
000000
000000
000010
100001
000000
000100
000000
000000
001000
001000
000000
100000
000000
000000
000000
000000
001000
000000
010000
000000
000000
001000
000000
000000
000001
000000
000000
101001
010000
000000
000000
100000
010001
000000
001000
000000
100000
000000
000000
000000
000000
000000
000001
010010
110000
000000
000000
001000
000000
000000
010100
000000
000100
000000
001000
000000
100000
000100
000000
000000
000000
000000
100000
000000
000000
000001
000000
000000
000000
000000
001000
100000
001000
000010
000000
000100
000000
000000
000000
001000
000001
000000
010000
000010
000000
000000
000000
000000
100000
100000
001110
010100
010000
000000
100001
000000
000000
000010
000000
110010
000000
000000
000000
001000
000000
000000
000100
011000
000001
000100
100000
000010
000100
000000
000000
000001
000000
000010
000001
001000
010000
000000
000100
000000
000000
100001
000000
000000
000000
000000
000100
000000
100000
001001
000100
000000
100000
000000
000000
010000
000000
000000
000000
000000
100010
000000
000000
000010
000000
100000
010100
000100
000000
000000
000000
000000
010000
000000
000000
000000
011000
000000
000000
000000
000000
010000
000000
100000
000000
000000
100000
000000
110010
000000
100000
000000
010000
000000
001000
001000
000000
000010
000000
000000
000000
000000
000000
000000
000001
000000
000000
000010
000000
000000
000000
100000
100000
000000
000000
000000
000000
000000
000000
001000
000100
000000
000000
000000
000000
000000
000000
000000
000000
010000
000100
000000
000100
000000
000000
000000
000000
000000
000000
000000
110000
000000
100000
000010
000000
100001
110000
000010
000000
000010
000000
000000
000000
000000
000000
010000
100100
000000
000000
000010
000100
000001
000000
000000
000000
010000
000000
000100
000000
000000
000000
000000
001000
000100
000000
000100
000000
000000
000000
001000
000000
000000
000000
000000
010000
000000
100000
000010
000010
000000
001010
000000
001000
000101
000000
000011
001000
000000
000000
000000
000000
000100
000010
000000
100000
000000
100000
000001
001000
100000
000000
000000
100011
000001
000000
100000
000000
000000
000000
010000
000000
000100
000000
100000
000000
100010
001000
000000
000000
101000
000000
000010
000000
000100
000010
100000
000101
001000
000011
000000
001010
000000
000000
010010
000000
000100
000000
000000
000100
000010
000000
000000
000000
100000
000010
000000
000000
000000
100000
000011
000010
001000
000010
000000
000000
000000
000000
000000
000000
000000
000000
000000
000000
000000
000000
010000
001000
000000
000000
100000
000000
010000
100100
000000
000000
010000
000010
001110
110011
000000
000000
100000
000000
000010
000000
000000
100101
000000
000000
010001
000000
000000
010000
100000
010000
000010
010000
000000
000000
000000
000000
010100
000000
000000
000000
000100
000000
000001
000000
001010
100000
001000
000001
010000
000000
000000
000000
000000
001000
000000
000000
010000
010000
000000
000010
000000
000000
000000
000000
001000
001000
000000
010000
000000
001001
001000
000010
001010
000000
010000
100111
100100
010010
000000
100000
000000
110000
010000
000000
000000
000100
000010
000000
001100
000000
000100
000100
011100
100001
000000
000000
000000
000000
000010
000000
000000
000000
100000
000000
000000
010001
000000
000000
100000
010000
000010
000000
001000
000001
000000
000010
001000
100001
000000
000000
000000
000000
000001
000100
000001
000000
100001
000000
001000
000010
100000
001000
001000
100000
000000
000000
000000
000000
000001
000000
100000
000000
010011
000001
000100
001000
000000
000000
000000
000000
001000
000100
100000
000100
000000
000010
010000
000001
000000
000001
000101
000000
000010
000000
000000
010000
100000
000000
001000
000000
000000
010000
000100
000110
010001
100000
000000
000000