100000
000000
000000
000000
000000
000000
001000
000000
001000
000000
001000
000100
100010
000000
000000
000001
000000
100000
000000
100000
000000
000000
000000
000000
000000
000010
010001
010000
000000
000001
000000
000000
000110
110000
001000
000000
100000
000000
110000
010000
001000
000010
010000
010010
000000
000000
000100
000001
000000
000001
000000
100000
000000
010000
000001
000100
000010
000000
001000
000000
100010
000000
000000
010000
000000
000000
000000
010000
000001
000001
000000
000000
000000
000000
101100
000000
000000
000000
001000
000000
000000
000000
000000
000000
010100
000000
000000
000000
100010
010000
000000
000000
000000
000000
000000
000000
000000
000101
000001
001100
000100
100011
001001
100000
000000
000001
000000
000000
100000
000000
100000
000000
000101
000000
000000
001000
100100
000000
000000
000001
010010
100000
000000
000000
000000
000000
000001
000100
100000
000100
000000
000000
000010
000001
000001
000000
010010
000000
000000
110000
000000
000001
000100
100000
000001
000000
010000
010000
000000
000000
000000
000000
100000
000001
000100
000000
000000
000000
100100
000000
000011
000000
000100
000000
000000
000100
000000
000000
000000
000000
100000
000000
101000
000000
000000
000000
010000
000000
000000
000000
000000
100010
000000
000100
010000
000010
000000
000000
000000
100000
000010
000000
000001
001000
000000
010000
000000
000000
000000
000010
000000
011100
000100
000000
010000
000000
000001
000101
100000
000000
000000
100100
010101
000000
100000
010100
000000
000100
010100
000001
100000
010000
001001
001010
000000
010000
100000
000000
000000
000000
010000
000000
000000
000000
101000
000000
100000
000000
001001
001011
000000
000001
010100
000000
101000
100000
000010
100000
000000
000000
000000
001100
000000
000000
000000
001000
000000
000000
000000
000000
000000
000000
000000
000000
100000
000000
010100
000000
000010
000000
000000
010000
000100
000000
000010
100000
000000
100000
000000
000000
001000
001000
000010
000000
000000
000000
000000
000000
000000
100000
000000
000001
001000
000000
000000
000000
000000
001000
000010
001000
000001
000000
100000
000011
000000
010000
000000
000000
000010
000100
000000
001010
000000
101000
000000
000000
000000
100000
001000
000000
000000
000000
000100
000000
000000
000000
000010
000000
000000
000000
000000
000000
100001
000000
000000
001010
110000
000000
010000
000001
001000
001000
000010
010010
000000
000000
011000
010000
000010
000010
000000
000000
100000
000000
100000
010010
001100
001000
000001
000000
100000
000000
000000
010000
000100
000000
110000
000000
100000
100000
000000
000010
000100
000000
000000
100100
100000
000000
000110
000000
000000
000000
000000
000000
000100
000000
000000
010000
100000
000001
100000
000000
100000
001001
100000
000000
000000
000100
000000
000000
000010
000000
010010
001000
001000
000000
000000
000100
001000
100010
001000
001000
000000
001000
000000
111000
000001
000000
001000
000010
000010
000010
100000
010000
100000
000000
000000
001000
000000
000000
000000
110000
000001
000110
000100
000000
000000
010000
100000
000000
000001
000000
001000
000000
000000
000000
000000
100010
000000
000001
000000
000101
001001
010000
010000
001000
000000
000000
100000
000010
100100
000000
000000
000101
000000
000000
000100
000000
000000
000000
001000
000011
100000
000000
000000
101000
000100
000010
000000
000000
100010
001000
001000
000000
000000
000000
000000
000000
000001
000000
000000
000100
000000
000000
110000
000000
000001
010001
000000
000000
100000
000010
000000
000000
010100
000001
000000
001000
000000
000000
000000
000001
000000
000000
000001
000000
000000
000000
010000
000000
000000
000000
110100
001010
011000
100010
000000
000000
010000
100000
000000
001000
001000
000000
000000
000000
000000
001010
000000
000011
000000
000000
001110
100000
100000
100000
000000
000000
000001
000000
100000
001000
000000
000000
100000
000001
010000
000000
000110
000000
000000
101000
000000
000100
000000
000100
100010
010100
010000
010000
000000
001000
000000
000000
010000
000000
001000
000000
000100
000000
000000
000000
000000
000010
010000
000000
000010
000000
010000
000001
000000
000000
010000
010000
100000
000000
010100
000001
010001
001000
000000
000001
110000
000100
000000
000000
000000
000000
000000
001000
000000
010000
000000
000000
000001
000000
000000
110001
000000
000000
010000
000001
010000
000000
100010
000000
000000
000000
000001
000000
000000
001101
000010
000000
010000
010000
000010
000000
000101
100000
000000
000000
001000
000001
000001
001000
001000
001000
000000
000000
000000
010000
100100
100100
000000
000010
000000
010100
000000
000000
000000
010000
000000
001000
000000
000000
000000
001000
000100
000000
101000
000000
000000
000000
101000
001100
000000
000010
100000
000000
010000
000000
000100
000000
101100
010001
100000
000000
010000
001000
000000
000000
000000
000000
000000
000100
000000
001000
110000
010001
000000
000000
010010
000000
000000
000000
010000
000010
000100
001000
000001
000000
000010
000100
000000
000000
000000
000001
011000
000000
000000
000100
000001
000000
000010
000000
000000
010000
000000
000000
000000
000010
000101
100000
000000
000100
100000
000010
000001
111000
000000
000001
000000
000000
000000
000000
000000
000000
000000
010000
000000
000000
000000
000000
000000
000000
000000
000000
000001
000000
100000
000010
001001
010010
000000
000000
000000
000001
000010
000000
010000
000000
000000
000000
010000
010000
000000
000001
100010
000001
000000
000010
100000
000001
000000
001000
000000
000000
000010
001001
000001
000000
000011
000000
000000
100001
000001
010000
000000
100000
000100
000000
100000
000001
000000
010000
000000
000000
000000
100000
000000
000100
000000
000000
000000
000000
000000
000000
000001
000000
010000
000000
000000
000001
100000
000100
000000
000000
000000
000000
000000
000000
000001
000000
000000
000000
000000
000000
100000
010000
000000
000000
000000
000000
000010
000001
000010
001000
000010
000000
000100
000000
000000
010000
001000
000010
000000
000000
010001
010000
000000
000000
000000
000000
100100
000000
000001
000100
000000
010000
000000
000000
000000
000100
010000
000000
010100
000000
001100
000000
000000
000000
000000
000000
000000
000000
000100
000000
010000
000100
000000
000000
000000
000000
000100
000000
010001
000000
000110
000100
000100
001000
000101
000000
000000
000000
000000
000000
001000
000001
010100
000000
100010
000000
110000
000000
000000
000010
000000
000100
100000
010000
000000
001000
000000
000000
000000
011001
000000
010100
001100
000000
000000
000001
100000
000000
000000
000100
000000
010010
000100
000100
000000
000000
110000
000000
000000
000000
000100
000000
000000
000000
000000
000000
000001
000000
000000
000001
000000
010000
000000
000000
000010
000000
000000
000000
000000
000000
000000
000000
010000
000110
100000
001000
000000
000000
000001
100100
101000
000000
000000
010000
010000
000000
000010
000000
000000
000000
000000
000001
000000
100001
000000
000000
000100
000000
000000
000000
000001
000000