100001
000000
000100
000000
100001
010000
000000
000000
100000
001000
000100
101000
101000
000000
000001
000000
001000
000010
000010
000000
000000
000100
001000
000000
000010
000000
000100
000000
000000
001000
001000
000000
000000
000000
000000
000001
100000
010100
001000
000010
000000
001000
000000
000000
000000
000000
000000
000000
000000
001001
000000
000000
000000
000000
000000
000000
000000
010100
000001
001100
000000
000100
010000
000100
000000
000100
000000
000000
001100
000001
000000
001000
000000
000000
000010
000010
000001
100000
000000
100000
000000
000000
000000
000000
001000
000000
100001
000000
001110
001000
000000
000000
000000
100000
000100
100000
000000
000000
000000
000000
001000
000000
101010
000001
000000
001000
000000
010000
010000
100000
000000
000000
010000
000000
010000
000100
010000
110000
100000
001000
000000
000000
001000
100000
000001
001100
000000
010000
000001
001000
100000
000010
000000
000000
000110
000000
000000
000100
000000
001001
000000
100000
000000
000000
001000
000001
000000
000000
000000
000000
000000
100000
010100
000000
000110
000000
010000
000000
000100
000000
000000
001000
000000
000000
000100
010000
001000
000000
000100
000000
000000
001000
000001
000001
000000
000000
000100
010101
000010
000000
000000
000011
000000
000100
000000
000000
001010
000000
000000
000000
000000
000000
000000
000010
000000
000000
000000
000000
000000
100000
000000
000010
000000
000000
100000
010000
010100
000001
011000
000000
000001
000000
100000
000000
000000
000000
000101
000000
000000
000000
010000
010010
000000
000100
001001
000000
000000
000001
000011
000000
000000
100000
000100
000000
000000
001000
001000
000001
110010
000000
100000
001000
000000
000000
100100
010100
000010
000100
000000
010010
000000
000010
000000
000000
000000
000000
000000
000000
000000
000000
000000
000000
000000
100000
100000
110001
000001
100001
000010
000000
000000
000000
100000
000010
000000
000010
100010
000000
001000
000000
000000
000000
100100
000000
000101
100100
001100
100000
000000
100000
000000
100010
000000
000000
000000
000001
000100
000000
000000
000000
000010
100000
000000
100100
000000
000000
000001
000000
000000
000001
000000
000000
000000
100000
000000
000001
000101
000100
000000
000000
000000
000000
000010
000000
100100
000000
000001
000000
000000
001010
000001
000000
000000
000000
000000
000000
000001
010000
000000
000000
000000
000000
001001
000000
001000
000000
000010
001000
100000
000000
000000
100000
000000
000000
100000
000000
000000
000000
000100
000001
000100
000000
000000
000010
010000
000000
001000
011000
100000
000000
100100
010010
001001
000000
000000
000000
000000
010000
001001
000001
100110
000010
000000
000000
000010
000010
001010
000001
000000
000001
000000
000000
011100
000100
000000
000000
100000
000000
010000
000000
000000
000000
000000
000010
000100
000000
000000
000000
000100
100101
000000
000000
100010
000000
000000
000000
000000
010000
000001
000000
000000
000010
001000
001000
000010
000010
000000
000000
001000
000000
001000
110000
100101
000000
000000
000000
000000
000000
100000
000010
000110
000000
000000
010000
000100
000000
000000
110000
000000
000010
010000
000000
000000
001011
000000
000010
000000
000000
000001
000000
000000
010011
000100
001000
000000
000000
000000
110110
000000
100000
000000
001000
000001
000010
100000
000000
010100
000000
000000
000000
000000
000000
000000
001000
001000
000010
100000
000100
000000
000000
001000
001010
100011
000000
101000
100010
010000
010100
000000
001001
001000
000000
000000
000100
000000
001010
000000
000100
010000
010000
100000
000000
000000
000000
000010
100000
010010
000100
000000
000010
010000
000000
000001
000010
000010
000000
100000
010000
100000
110000
000000
000000
100000
000000
000000
100000
000000
100000
000000
000000
000100
010000
000000
000000
000000
001000
000000
011000
000100
000000
000000
001010
000110
100000
000000
000000
000000
100000
000000
000000
000001
000000
001001
100000
000000
000000
000000
010001
001100
000010
000000
001011
000000
000000
000000
000000
100000
000010
000001
000000
000100
000000
000000
000100
000101
000000
000000
000000
100000
000000
000000
000100
001000
000000
000000
001000
100000
000001
000000
000001
000000
000000
100000
000000
000000
000000
000000
000000
100100
000000
010000
000000
000000
000000
010000
000000
000000
001000
000000
000000
001000
000000
000000
000001
000100
100000
000000
000000
001001
000000
100100
000000
000000
100010
000001
000000
000000
000000
000000
101000
000000
000000
000000
000000
010000
000000
101010
000000
101010
000010
000000
000100
010000
000010
000000
000000
000000
100000
011110
001000
000000
110110
000001
001000
001000
000100
000001
000000
000000
000000
000000
000100
000001
111110
000000
000100
000010
100000
000000
000000
001000
000011
010000
101001
000000
000010
000000
000000
000000
000000
000000
000000
000000
000000
000000
000000
000100
010000
000010
000000
000000
000000
000000
100100
010000
000000
000010
000000
100000
010010
000000
000001
001000
100001
000000
000000
000000
000000
000000
000000
000000
010010
000000
000000
001100
001000
010000
100000
000101
001000
000010
001000
000000
001100
000010
000000
000000
000001
100000
000000
000000
000000
100000
000000
000100
000000
000000
000000
000000
000000
000001
000100
000100
000001
001000
000000
000000
000000
000000
000001
100000
000010
000000
000010
000100
000001
000000
000100
000000
000000
000000
000100
000000
000000
010000
100110
000001
010000
000000
000000
000000
000000
000000
000000
000100
001000
000000
100000
000000
000001
000000
010000
000000
000100
000000
001000
000001
100000
000000
000100
000000
000000
000001
000000
100010
000000
100000
100000
100001
000000
000000
000001
010010
000000
000000
001000
001000
000010
101000
000000
010010
000000
001000
010100
000000
000000
010010
000001
100000
000010
000001
010000
000000
000000
000000
000100
000000
000000
000000
000100
000000
000010
000010
000000
000100
010000
000000
000000
000010
010000
000000
000000
110000
000000
000010
000000
100000
100010
001000
100010
000000
000000
000000
000100
000000
001001
000000
000000
000000
000001
001000
100000
000010
000000
000100
000010
100000
000100
000001
001100
010000
000000
010000
000000
000000
000000
000000
000000
100000
000000
000000
100000
000000
010001
000000
010000
000000
100000
000000
000000
010000
100000
000000
000000
000110
000000
000000
100000
000000
000000
000000
000000
001001
000000
000000
000000
001000
000000
000000
001000
000000
000100
000000
010010
010000
000000
001000
000000
000000
100000
000010
000000
000001
001100
000000
001010
000000
000000
000100
000000
010000
000001
000100
000000
000000
000001
000000
000001
000000
010000
000000
000000
000100
000110
100000
000000
001000
000000
000000
000000
000000
000010
000000
000000
000000
001000
000000
001010
010000
001000
000000
000001
000001
000000
000011
000001
000000
000000
100010
000000
000000
000000
000000
100000
000001
000000
000000
000001
000000
100000
000000
000010
010000
100000
000000
000100
000000
000000
000000
001000