000010
001001
000000
001001
010000
001000
000000
011000
000010
100000
000010
000001
100000
000000
000000
110001
100011
001000
010100
111010
000001
001000
010100
000010
000010
000100
010000
000000
001000
100000
010000
001010
010010
000010
110010
000000
000000
000100
000000
000010
010000
100010
111100
010000
000001
001000
010001
000010
001100
000000
100010
000000
000000
111100
000100
101001
001010
000100
011010
001100
001000
100000
010000
000001
000000
000010
000011
010001
000001
000010
000110
000000
000100
010000
000100
001000
001000
000010
000001
000100
000000
000000
010000
100100
011010
100000
000000
000101
000000
100000
101000
000010
100000
001010
000110
000000
101000
000010
010000
010000
000000
011101
010001
000000
001101
011010
000000
010001
000000
100001
010000
001000
100000
010000
000000
000010
010000
101000
010100
111010
000000
000001
011100
010100
000001
100010
000000
000010
000000
010100
000000
000001
001000
000000
000010
010010
000001
010010
000000
000000
100010
011000
000101
000000
000000
000010
000111
110000
010000
000100
000010
000000
010000
010010
001000
100100
110000
010100
000100
000000
000001
001000
010100
101100
000000
010010
001000
001000
000101
100011
000000
100100
101000
101001
000000
100000
000010
001000
000001
001100
000000
010000
000000
000100
010001
001001
100000
000000
000000
000000
000000
101001
000000
000000
000100
000001
000000
000000
100100
100100
010000
000000
011000
000100
001000
100001
000000
011001
000000
110000
101001
010011
000000
010110
000010
000000
101100
000000
000001
000001
100100
000100
101000
000000
100110
001000
101000
000010
010100
000010
100010
001000
011110
000000
000000
000000
001000
010001
101010
000101
000000
011000
100101
000000
111000
000001
000000
000100
000000
010001
010000
000000
001110
001000
010000
000000
000000
000101
110011
000000
100000
000000
000100
100000
000000
000000
010001
000001
000001
000001
000000
100000
000000
000010
000010
000000
000000
000100
001010
000001
000000
000000
010010
000101
000000
000001
001110
000000
010000
000001
000100
100010
010000
000001
000000
100000
000000
100000
001010
010000
001101
000100
000000
100001
001000
000000
000000
000010
000001
011000
011100
100000
000000
010100
100000
001000
001010
000001
100000
001000
000010
000000
000000
101000
010100
000000
000001
001001
001000
000000
000111
000010
100001
100000
000010
000000
100000
000000
000000
000000
000010
000000
000000
101000
000000
000010
000000
000000
011010
000010
000000
000000
000000
000000
000001
000001
011000
011001
100100
000111
001010
011000
001010
100010
111000
100110
000000
100000
000100
010001
001001
000001
000000
000000
001000
100011
000110
000110
001000
000101
010000
101111
000000
000000
000000
000000
100100
000000
001000
100100
000000
000010
000001
000010
000000
000000
000000
000000
101001
000000
001000
000000
100010
001010
000010
000000
000010
010001
010001
000011
010011
001001
000000
011000
000100
000001
010010
100110
000010
010000
101000
000000
010000
000000
001011
110000
100000
000000
011000
100000
000000
000100
000000
100000
000000
100010
000000
000000
010001
110000
000100
100010
000000
101110
000000
000000
100000
100000
110000
000001
110000
100000
000010
100000
000000
011010
000000
111000
110000
100001
000000
000001
001010
000100
010000
001100
101100
000010
000000
000001
000110
101000
000000
000000
000000
000010
010000
001001
000000
000000
000000
010111
000100
100010
000101
000000
010000
000100
000000
100000
000100
001000
001001
001000
000100
010001
100010
010001
100000
000011
110100
100100
001000
000000
000000
001000
000000
001010
010001
100000
100000
000110
001110
000100
000100
011000
000000
000000
000000
001000
000010
010100
110010
001000
000100
000000
000000
000000
011000
000000
000000
100100
010000
010100
001000
000001
000000
010000
001000
000100
100000
010000
010110
100100
101110
010000
100011
000000
000001
010100
000100
000000
011000
000000
000000
100001
000001
010000
000100
000000
000111
001000
000000
110000
000010
000010
000010
000010
000000
000000
011000
100000
010001
000110
000000
010100
000000
101000
000000
000001
010000
001000
110110
000011
000000
000000
110010
000010
100000
001000
000000
010110
010000
010001
000010
001001
000000
100000
000000
100001
000000
000000
000100
000100
000001
010000
100000
010000
100010
100000
010000
000100
000000
000000
000100
000010
000000
000010
011000
100000
011010
100000
100011
000001
010000
000011
100011
010000
010000
110000
111010
000000
001001
000000
110000
010010
000101
000000
001000
000000
000000
000001
001100
000000
010001
100101
001000
000000
100000
000000
111100
100000
000000
101000
000000
000000
000000
001110
010000
000010
101000
010100
100010
000000
000000
010010
100100
000001
010000
000010
000000
000000
001001
000000
000110
010100
001000
100000
000101
000000
100100
100000
011000
010100
000011
001010
000000
100010
000000
111000
010000
110100
001000
001100
000010
100000
000001
000010
001000
000001
001101
000100
100001
000000
000110
000000
000000
010000
010110
011010
000000
000000
100101
000011
100000
000000
000010
110010
110000
001001
000001
100001
010100
100000
010000
111001
000100
011000
000011
000100
000000
000000
110000
011000
001100
100000
001000
001110
001000
100000
000000
000000
100000
100010
000000
001100
001000
001000
001000
010000
000000
001000
100000
100011
100000
000010
000000
000000
001100
100000
000000
100000
000000
001000
110000
010000
000100
000001
100000
010000
110010
000000
000000
000010
100000
001100
010010
101000
001100
001010
100000
000001
010000
000000
010001
000110
101101
101000
000000
101001
011010
100000
000000
000100
000000
000000
100111
110100
000010
001000
100000
000000
000010
001000
000010
000000
110000
100010
000000
000000
101000
001000
010000
000010
000001
001110
001011
000000
011000
000000
000110
000000
000000
010000
000000
100000
010100
100011
100111
000010
000010
000000
000000
001000
000000
110000
000000
010000
100000
100000
010000
011000
100000
100000
001010
000001
101001
001000
110000
000000
110001
010000
000010
000000
000000
010000
001000
000000
000100
000000
000000
000100
000010
000101
000000
000000
000000
000011
000110
010000
011011
000010
100000
010000
001000
110100
100000
000001
011100
010000
011101
010100
000011
000000
000000
000000
000000
010000
000000
000000
000000
000001
000000
000000
000000
000000
000000
001000
101000
000010
110010
000000
100000
100000
100000
101000
000111
010001
011010
000010
000000
010000
000000
001000
100000
001000
000001
000001
000000
010001
011000
010000
100000
000100
010100
010000
000010
000100
010001
000010
000000
000010
100010
010100
001000
001000
000000
000000
001000
011101
000000
000000
100000
001000
000100
100100
000010
001000
000000
000000
000000
000000
100000
100000
000001
010000
000000
000101
101000
100000
010000
001010
000001
000101
000001
100001
100010
100000
000000
010000
000001
001010
000110
011000
001000
001001
000000
110001
000100
000000
100010
000001
100001
000100
110010
001000
000000
010100
010000
001001
010010
000000
000100
000000
100000
001001
000000
100001
100000
010000