000000
000000
011010
010000
000100
000000
001000
010100
110011
000000
100000
000000
001000
000000
101001
000000
000000
000000
010110
010101
001010
000001
001000
000001
000000
000011
000000
000001
010000
000100
010001
001100
000000
100000
100000
000010
000000
000001
000101
000010
010000
000001
010100
000000
000100
000000
100000
100000
010000
010001
001000
010010
001010
010100
000000
000010
000011
100000
000000
000000
001100
001001
100000
001000
000000
101010
010000
000001
000000
000100
010010
111001
010001
111110
000000
010001
000100
001000
010000
000010
000000
000000
000010
000010
110001
001010
001001
000000
000101
000000
010001
011001
100010
000100
100000
010000
000000
001101
010000
000000
000001
000000
100000
000000
010000
000000
100000
000000
000000
000000
000000
000000
000100
100000
000000
010010
100000
000100
000000
100000
010010
000000
000100
010101
000000
010001
001001
100001
001000
000001
010100
000000
000000
010001
000000
001100
000000
111000
000000
001000
001010
000001
100101
010000
011001
010000
101000
000000
000000
011000
011100
000001
000100
000000
111000
010000
000000
101000
000000
100000
000000
100001
000000
010100
000001
010000
110000
000000
010010
000100
110010
000010
001000
000001
101000
110010
000000
010000
000000
101110
101000
000000
001000
000100
010011
000001
000010
010010
000000
000000
110100
001010
110000
001001
000000
000000
000010
001000
100000
100000
000011
101011
010110
010000
100000
001010
010000
000000
010011
110100
000000
101000
000100
100100
000000
000110
110100
011000
000001
010000
001001
010000
000010
000000
010100
000000
000000
011001
000001
100000
000000
010000
000000
110000
000000
000000
010000
000001
101000
101000
000010
001000
001000
000010
100000
000000
010000
110001
000100
100010
001101
000101
010000
010100
001100
100100
000000
000000
000001
001000
100110
000100
100101
000000
100001
101000
011000
011000
000010
000000
011000
010010
101100
001000
100000
000100
000100
000100
010001
000000
000000
000010
011000
010100
100000
100000
000000
000001
000000
010000
000000
010001
000010
000001
010010
000000
010011
000101
000000
000000
000000
000000
000100
000100
011000
000011
000001
100010
000010
001001
001000
001000
010000
000000
100000
000000
000010
000010
000100
000000
100000
000010
000001
000010
000010
000000
110100
000011
101100
010001
100100
000000
000000
110100
010001
010000
000000
000001
010000
100001
100000
001000
000000
000000
000000
000000
000010
010000
000000
001010
010100
000110
000100
100010
000000
000010
100000
000000
110100
000010
010000
000000
000100
001010
100100
000001
110000
001110
000100
001001
000000
000000
000100
010000
000100
010000
011001
000010
000011
101000
000000
100000
100001
100000
010000
000000
001000
000110
010000
101000
111001
001010
000100
000000
010000
001000
100010
001000
000010
000111
000000
010000
001001
010000
000010
100101
100000
100011
010100
010010
000001
000000
001001
100001
000010
000010
011000
000000
000000
100001
000000
110101
100000
001011
010011
010000
010000
011100
011000
010100
000000
000000
000000
100001
000101
101000
111100
100001
000000
011100
000011
000000
100100
000000
000010
000000
010010
001000
000101
101000
000000
000100
000000
010001
001010
001010
100000
010100
100100
001000
000000
000000
000010
101001
000000
001000
000001
100001
010000
000011
100000
000000
001000
001000
000001
011010
111011
001000
000000
100000
000100
001000
000100
000000
001001
000101
000011
000001
010000
000100
010000
010100
011000
010001
000001
010000
010000
000000
000110
000010
001010
000010
001000
100010
000010
010000
110000
000000
000000
000000
001000
000001
001010
000000
100010
010100
000100
000000
000000
010000
000111
110000
000000
010100
100000
000010
000000
100000
000001
010000
000000
000000
000010
110100
001100
000000
001100
100001
000001
001010
000000
010000
000000
000110
000011
000011
000000
000010
000000
000000
001010
000000
001000
100000
000000
100010
001000
001101
110000
100000
001010
001100
000001
000000
000100
100000
100010
000011
001001
000000
000000
001000
010000
000000
001001
000100
100110
100000
000001
000000
100110
000100
110100
101000
000000
010000
000000
000000
001000
100101
001000
000100
001000
100000
000000
000011
010101
000010
010000
101000
010001
100000
000100
100010
100001
010100
110100
101000
100010
100000
000010
101000
001001
100001
000000
001000
000100
100001
000100
000000
000001
000000
001010
100010
000100
100000
010000
110000
000001
101000
000000
101000
000100
000000
000100
000000
000000
001010
000000
010000
010000
011000
001100
010000
011000
000000
100100
000000
000100
000000
000000
000000
110000
000000
010000
000101
000000
000000
000000
100011
100000
000000
000000
001000
001100
001000
000000
100101
010000
001010
101010
100000
001101
100001
001000
000000
100001
100000
000101
000000
001000
000001
000000
000000
000000
000000
000000
111000
000000
000000
100000
100000
000100
101000
000001
000000
000000
010100
000000
000000
110000
100101
010000
010100
001000
000000
100000
001101
010100
001000
100100
000110
000010
101001
010000
000011
000111
010000
000000
000000
000010
000000
010101
000000
001000
110100
000001
000011
010000
000101
111000
100010
000000
000101
000001
100100
000001
000000
010100
100000
001000
010000
100000
000001
000000
000010
000000
010001
001010
000100
010110
000100
010000
000100
000000
001111
000011
000100
000000
100010
010001
100000
000000
110100
000001
000100
010000
000000
100000
010000
000000
000000
000000
000000
101000
010001
001000
100100
001001
011010
001010
000000
001010
000000
000110
100010
000001
000000
000011
010000
000100
001000
100000
001010
000000
011000
000000
000110
001001
000000
001000
001000
000010
000000
101010
000100
000100
001000
100100
000100
000000
001000
101110
110000
100000
000000
101000
000100
000000
000000
001100
101101
101001
000001
000101
001101
100010
001010
000000
000000
011000
011000
000000
001100
100110
010000
100001
100011
000100
000000
010100
000000
011011
010000
100000
100010
000101
000001
000000
000001
000000
000000
000100
100001
000001
001010
000001
001000
101000
110100
000010
000000
001000
000000
000000
100001
010001
000001
000100
000000
000100
000000
011011
110100
010010
110000
000001
000100
100100
001101
000001
000100
001100
100100
000010
000101
000100
111000
000000
000000
001000
000001
000000
010000
110000
000001
000010
100000
010000
000000
100010
000100
000000
010101
000000
000000
100011
000001
001010
010010
000010
000001
100010
011000
100001
110010
010101
001000
000000
100100
010110
000000
100000
011000
010000
000000
110000
001100
010000
001000
000000
001000
000011
000000
100000
000100
011000
101000
000010
000010
010000
001010
000101
001111
000000
001000
000001
100100
000000
000000
100000
001010
100010
101010
000100
101010
011010
010000
111001
100000
011000
001000
000110
010000
000000
000010
000010
000000
000100
000010
010000
000001
000000
010100
000010
000000
000100
000001
100000
000010
000000
001000
101000
000000
000010
010010
100001
000100
010000
100000
001010
001000
000100
000100
110000
000010
000100
000111
000000
000001