100000
000010
000010
010000
000010
110010
011001
001001
000001
000100
000000
100001
100001
000001
000011
000000
000001
001001
000010
000000
000001
010000
000001
001010
000010
000001
000000
000010
000000
100001
110100
010000
001000
000001
010010
100000
001100
000010
110010
000000
010000
100000
001100
000100
011000
100100
000000
010001
100000
000000
000000
010110
001000
000011
000000
000110
000010
010000
010110
000000
000100
011000
000000
100010
000000
000010
001100
000010
000000
000101
000000
010000
110010
001001
000000
100011
010000
000110
010010
100000
010001
000000
000010
000010
100000
000000
000000
000000
000000
000000
000000
000000
000001
000100
000100
000000
010001
000000
101000
110010
100011
000000
001001
100000
000001
001000
000000
000001
000000
010100
110000
000001
010000
000000
000000
010110
000110
000000
001000
100100
000100
000000
001000
000100
000011
000010
000000
000000
000010
001000
000000
000010
000100
000010
000000
000100
100000
100000
001100
000001
100000
000000
000001
000010
000000
001100
000000
010100
000100
000110
001000
011000
000000
000000
001000
011000
000000
010100
000110
000000
000110
000000
000001
000000
000001
010000
000110
000000
000100
001000
000000
010010
010001
100011
100001
000000
100000
000000
000000
100000
101000
000000
000010
000000
100100
000000
000001
001000
000000
000000
010000
110010
000100
000001
010001
010100
000000
100000
000000
000001
010000
010000
001100
000110
100110
000000
001000
010000
001000
001010
010000
100000
010000
000000
100000
010110
000000
001100
000001
000010
010000
100000
000100
001000
000000
110000
000000
010000
010000
000000
000001
000000
100000
000100
100000
100101
000000
000001
100000
010000
000000
000000
000000
000010
000000
000101
000110
000000
000001
000000
000110
000000
000010
000100
001010
000100
000000
000001
000001
001110
000000
110010
010010
101010
111010
010000
000000
000101
000001
100000
010101
000001
001000
110000
011100
001010
000000
011100
000000
000001
001110
011100
001000
001000
000100
110011
001000
000100
000010
000010
100000
000000
010000
000001
000010
000000
100000
100000
001001
010010
101000
100011
000000
010000
000000
000000
000001
000000
100100
101000
000100
100110
000100
010000
011000
100000
000100
001000
000000
000000
000010
010000
110100
000000
000010
100000
000000
000000
010000
000000
000000
010110
100100
011010
000010
010000
001010
000100
000010
100100
000000
001000
000100
000000
000000
000000
000100
001100
101010
000010
000000
000100
000100
110001
001110
000000
000000
000000
010010
100001
000100
000001
000000
010000
010000
001010
010001
000000
000001
011010
000000
010000
000000
000010
001001
010100
100010
000000
010001
100010
001011
010000
001110
001010
000100
100000
000010
010000
000000
000011
000000
100111
001010
000100
000100
000111
000000
000010
000000
000010
001000
001110
000010
000100
000000
000110
100000
001010
000000
010000
101001
100000
000000
010001
000000
001000
001001
000000
000010
000100
000000
100000
000100
111100
100001
001000
000000
101000
100000
010000
100000
001000
110000
000000
000000
011010
100011
001000
000000
001000
000000
000110
000000
011001
000011
010010
000001
000000
000010
010000
000100
100000
100000
100000
000000
000000
000000
001001
001000
000000
110000
010010
001011
000000
100010
000010
000000
000000
000000
010100
000100
010000
000100
100111
000000
010101
110000
010100
010010
000000
000010
000010
110000
010010
000000
000000
000000
000000
000000
001100
110100
011000
000000
010001
001001
000000
010001
001100
000000
000000
000100
001101
011001
001010
010000
000000
000000
000000
000000
000000
000100
001000
000100
100000
000100
000000
011000
000001
010100
000110
010100
100000
001101
000000
010101
000101
001000
011000
000010
000000
000000
110100
000011
000000
010000
000001
000100
001010
000001
010000
110000
100000
000000
000100
000110
001100
100000
100100
000000
000000
000000
000000
001000
110001
001000
000000
010100
000000
010001
000000
000000
000000
001000
000000
000000
000000
000101
000011
000000
000100
000001
001001
000001
000001
000000
000001
000001
000000
110000
000011
000000
011000
100000
100001
000100
100001
000000
000000
000000
000000
000010
010011
100000
000010
000001
101000
010000
100000
000010
010000
010111
000000
000000
000010
100010
101010
000001
000100
010010
000100
000010
000100
001000
000000
100100
000000
000110
010000
000100
011000
010000
001000
100001
000000
000000
100010
000001
000001
100000
100001
001010
011010
010000
000000
000001
100100
010000
000100
000100
000110
000000
100010
001010
000000
000001
000000
000010
000010
010100
010000
110000
000010
010100
000011
001100
001000
010101
000000
110001
000000
000100
000001
000000
000100
000100
001101
000100
000000
000010
001010
010000
000010
000100
100110
001101
100001
000000
100000
010000
000000
000000
000101
100000
001010
001000
000000
001001
001000
000000
000001
000000
000000
000000
010001
000001
001000
000000
001100
010101
011000
110010
101000
001101
010000
010011
000000
000011
001001
000000
000000
000000
000000
001100
000000
110010
100010
000000
000010
000000
000001
000000
110001
000001
110010
000001
000000
011001
101001
100100
001000
001100
000000
001000
000001
100000
001000
100000
100100
101001
000000
110000
000000
000000
000000
000110
000001
001010
000011
100000
110110
000001
000000
000000
100000
000100
000000
100000
100000
000100
010001
010000
100010
000010
000000
001001
000000
000011
000100
000010
110000
000000
000000
000011
000000
110010
000110
000001
000110
100010
010001
000110
010001
000000
000000
001100
011001
000000
000011
000111
000001
000000
000101
000000
000101
000000
000000
001000
000001
000010
100000
000010
001001
011010
000000
000000
000000
100000
010000
011000
100010
000000
100000
011000
100000
000000
000000
000001
001000
000010
000001
000011
000011
000000
010000
000100
000000
011011
010011
000010
001000
000110
010001
100000
010100
000000
100000
100100
000000
010101
000000
000010
000000
010001
000000
100100
000000
100000
011000
001000
101010
000000
100000
000000
000000
000000
000000
000000
000000
000000
001000
000000
000001
000001
000001
000001
000001
000000
011100
000000
000000
100000
000000
001000
010100
011001
000000
010100
000000
000001
010011
010000
001000
000000
000000
010001
001100
001100
100101
001000
000000
101000
000000
000000
000100
000000
101010
100000
000101
000001
000000
000100
101010
000000
000000
000000
000000
000101
100000
011000
001111
000010
101001
000100
000001
010100
000010
100010
001100
100100
010001
000000
000010
000000
000000
101110
100000
000000
000000
000000
100000
001001
001010
000000
000000
001000
010000
100010
000000
100001
101001
000000
100000
000000
000000
001001
000000
000000
000000
000000
000010
001000
010000
100000
000100
010000
010000
100010
000010
000100
001010
001000
001000
100010
010000
100000
100100
010101
000100
001000
010001
001100
000000
001010
000000
000100
001100
000010
000000
000000
000000
010000
010010
000000
000100
000000
010000
000000
000010
000001
000100
010100
100000
000001
000100
000000
001011
000100
011000
101001
000010