000001
000000
000000
001100
000000
000000
000000
000100
000010
100000
100000
100000
001101
100000
000100
001001
101000
011000
101010
000010
010010
000000
000000
000001
000010
010100
000001
000100
010000
000001
000000
000000
010001
010000
001000
100000
110010
111000
001110
011000
000100
001001
010000
010101
000000
100000
000000
000100
000000
010000
000000
001000
001100
010000
100001
010001
001000
010000
000010
000000
000000
100000
000000
000000
000001
000000
110000
000000
000011
000001
100010
010010
001000
000000
100000
010000
000100
000100
001000
110001
000100
000000
001000
000000
000101
010000
001110
001001
000010
000001
000100
001000
000100
000000
000010
010100
000001
101011
000000
000000
001000
000010
000000
000010
000010
100000
001001
100000
000100
010001
011100
000000
000100
001110
010000
010000
001000
000000
000001
010010
000100
000000
000000
000010
000010
000001
000000
100001
100100
001010
000010
000000
001100
000011
000100
010101
010000
001000
000000
000111
100000
010001
000000
010000
110101
010100
100000
000000
001011
100100
000001
011000
111000
000000
010010
000000
010010
000100
010100
010110
010000
000000
000101
000000
100010
001010
000001
000101
100011
000000
000010
000010
001100
101010
111000
110000
010000
010001
101110
000100
000000
100001
100010
001001
001000
010000
111000
000001
000000
001000
000100
100001
000000
000000
000001
101010
101000
110000
000000
000000
010101
000000
010001
000000
000000
000000
010100
001001
101010
001010
000011
011100
000000
100010
011110
100000
100000
101100
001011
010000
010110
001010
000000
000000
001100
000100
000001
010101
010100
101010
001000
110110
000000
001100
000010
011000
000101
000000
000011
000000
110000
000001
000001
100000
000000
000100
000000
010000
010000
111100
010000
000000
000000
010000
000001
101101
010100
010010
000100
001000
000111
010001
011010
000001
001000
010011
000000
001011
000000
000000
001011
001110
000000
001100
101010
001010
000011
000000
100010
010101
000000
000000
100100
000000
010000
100010
000000
000101
000100
000010
011001
010000
100000
000000
110010
001001
000010
011001
100000
110000
010000
001100
100010
000000
000100
001100
000000
000110
011100
000100
000000
010000
000000
000001
000100
000001
000001
010100
000001
001001
000001
001001
010000
000100
000000
100000
001000
100100
000000
000011
001100
100000
100001
000010
000001
000010
001100
100000
100000
000000
000001
000011
000110
000000
000000
000000
000000
000100
001000
100000
000000
000110
010100
000001
010000
001001
100001
001000
000000
000000
000000
001010
000000
010011
101000
010001
010110
001000
110000
011000
010000
100000
001000
000010
000100
010010
010100
010010
000000
000000
010000
000000
000001
000010
000000
001100
001000
100000
000011
000000
110000
100000
100100
001000
010001
101100
010011
010100
000101
101010
000000
001000
100010
100010
000100
000000
010000
100010
001010
010001
100100
000000
001000
010110
010000
000000
010001
000000
000000
010010
001101
010000
010000
000001
001000
000000
000101
000000
000010
101100
100000
001100
010100
100000
110010
001000
000001
000100
000000
000100
000010
000000
001000
100001
001100
000000
010000
001110
000010
000000
001001
001000
000001
001001
000010
000010
000000
000000
010010
000001
001000
001000
011000
000001
000000
000000
000101
001000
000000
000000
100000
010000
000010
010000
000101
010001
000100
110000
000000
010000
100000
101011
001000
100000
001100
001001
000000
010000
100100
100000
000000
100100
000000
011000
000001
000000
010100
001100
110000
000000
001001
010000
001100
010000
100000
000000
010001
000101
001000
000000
001000
001000
000110
001100
000000
010010
000000
000100
000010
000000
000000
000110
001000
000000
000000
010001
000001
000000
000000
000000
010000
000000
000100
000000
100000
000100
001000
000000
000010
100000
101010
000101
000001
100101
000000
111000
010001
010010
000001
000000
011010
100010
001000
000010
000000
001000
001000
000100
000001
000000
010110
011001
000000
000001
000010
010000
000001
110000
000010
100100
001001
011010
001010
000000
000110
000100
010011
001000
000000
001000
000000
000011
000100
000100
000011
011000
000000
000010
000000
100000
010000
000010
000011
100000
001100
000010
000000
000000
100100
000100
010000
100000
010000
000000
101001
101010
100100
000000
001111
000000
000000
101100
100110
010010
110000
000010
000000
100100
001000
000000
001000
000000
000001
000000
000011
000000
001010
001010
001010
110010
000000
001000
000010
000100
100000
000100
000000
000000
000001
101000
100000
000000
000100
001000
010000
010000
010000
000000
001010
000000
000000
000010
110011
100010
101001
001000
010000
000001
000000
010001
000010
100000
110000
010010
010000
000101
001000
000000
000010
000000
000000
100000
000101
001000
000000
000001
000000
000010
000000
000111
000100
000101
000100
000000
000000
000001
000000
100101
100001
010001
011101
000000
010000
001000
000000
001011
000000
100000
000000
000000
010000
010100
010000
110000
010000
000100
000000
100100
100100
100000
000000
000000
000000
001010
100001
000000
011011
110000
000101
000001
000001
000101
000000
000000
010100
100010
000000
000100
100011
010000
001000
010000
001010
010010
001000
001010
001000
011000
001100
000000
000000
100001
000000
001000
000001
000000
100010
000000
100000
001000
010101
100000
000010
000000
000000
001010
010000
010000
000010
001010
011110
101001
001000
000101
100001
000011
000010
001001
001000
000000
000000
000000
100001
011001
000011
010000
101000
001000
010000
000101
000110
000010
000000
010000
100010
000000
000000
000110
110100
000000
000000
001000
000000
100100
000100
000000
000000
100000
001000
000011
010000
110001
100100
110000
011001
100000
100000
000000
000011
000100
000010
000000
010000
000100
000010
101010
011000
010001
001001
000001
010101
010111
001001
000000
000100
000001
100100
000010
100000
000000
001010
100000
001000
000001
000000
000000
000000
000000
000011
100000
101111
100000
010000
000000
010100
100000
010000
001100
000100
001010
000000
010000
000000
001001
000010
000000
000000
000100
010000
000000
000010
010000
000000
000100
000000
001001
000101
000000
000000
011000
001000
000000
100001
000000
100000
000100
100100
000000
011001
000000
010000
000000
000000
100000
000100
001000
000010
100000
100000
001100
001010
001000
000000
001010
000100
000001
001100
000000
101001
010010
010000
000000
000101
000100
000000
000000
000100
000100
000001
000100
000000
011000
000100
100000
001000
000000
000010
110100
100000
000000
100000
001000
001000
000111
011000
010000
000000
110000
000110
100000
111000
011000
000100
100101
100000
010100
001000
100101
100001
001001
000000
010100
110010
010001
000100
000100
000000
001000
000001
000001
001001
000000
100000
010100
000000
010100
000000
010111
001010
100000
011100
000000
100001
000000
011000
000010
001010
001000
000101
100001
001000
100100
000110
000001
000100
000000
000000
010101
000000
000000
000000
000001
000100
101100
000000
111000
001101
000000
000000
000010
010000
000001
010000
100000
100011
000000
011010
000000
010000
010000