000000
000010
010000
000000
010010
000001
000000
000000
000000
000000
000000
010000
010010
001000
000100
000100
000000
010010
000000
000000
000000
000010
001000
000000
010000
100000
000000
000000
100000
010000
010000
001000
000000
000010
000000
000100
010000
001100
000000
001000
000000
000000
000000
000000
000100
000000
010000
000000
000000
000000
000100
000000
010100
000000
000000
000000
000000
000000
000000
000001
000000
000000
000000
100000
000000
000000
000000
101000
000000
000000
000000
001000
000000
000000
000001
000001
000000
001000
000000
100000
000000
000000
100000
001000
000000
000000
000000
001000
000001
000000
000000
000000
000000
000100
001000
001000
000000
000000
001000
000000
000000
000001
100000
000000
000001
000100
000000
000000
000000
000000
100000
000000
000000
000001
000001
000010
000000
001100
001000
000010
000000
000000
000010
000100
010000
000000
000000
000000
000000
000000
000000
000000
000001
000001
000100
000100
100000
000000
010000
000000
000000
000000
000010
000000
000000
000000
000000
000000
000000
101100
000000
001000
000000
000110
000000
000000
000001
000000
000000
100000
000000
000000
000000
000001
000100
000001
000000
100100
000000
010000
000100
000000
000000
000100
000001
000000
000000
100000
100010
100000
000000
000010
000000
000000
000000
000000
010000
000010
000000
000000
000110
000001
000000
000010
000000
010000
000000
000000
100000
000000
001000
000000
001000
010001
010000
010010
000000
100000
001000
010000
000001
000000
000000
100000
100010
000010
001000
000100
100001
010000
000000
000000
000010
100000
000011
001000
000000
000001
000000
000001
010000
000000
110000
001000
000000
000000
001100
000000
000000
000000
000000
000100
001100
000000
100000
000000
000110
000100
001000
010000
000100
000000
000000
000000
101000
000000
000000
000000
000010
000000
100000
000000
000000
000000
010000
000000
010001
000000
000000
000000
000001
100100
000000
000000
001000
000000
000001
000000
000000
010000
000000
000100
010010
001000
000000
000000
001000
000000
100000
000000
000100
000010
010000
000000
010000
000000
000000
000000
010000
000010
000000
000000
000000
000000
000000
000000
000000
001000
000001
000000
000000
000000
000010
000001
111100
100000
000000
000000
000000
000000
000000
000001
000000
010000
001000
000000
100100
000000
000000
000000
010000
001000
000000
000000
000001
000000
010000
001000
010100
000000
000100
000000
000010
011000
000001
000000
000001
000000
000001
000000
000101
000100
000100
001001
000001
000001
000000
100000
000000
000100
010000
000001
000100
000001
000000
000000
000011
100000
010000
000000
000000
000000
100000
100000
000000
000010
100110
000000
000000
000000
000010
000000
001000
000000
000100
000000
000000
000000
000000
001000
000000
001000
000000
000010
100000
000000
001000
010000
000000
000100
000001
000000
100101
000000
000000
010010
000100
001000
001010
000010
000000
100000
000000
000000
000000
000000
000100
000010
000000
000001
000000
001000
000000
000000
000111
000000
000000
010000
000100
000110
000011
000000
001000
000100
000000
000001
100000
010000
000001
000000
000000
010000
000000
000000
000000
000000
000000
000000
000011
000000
010100
100000
000000
000000
000000
000000
000000
110000
000001
000010
000001
001000
000001
000000
000000
000000
000000
000010
100000
000000
000000
010000
001000
000000
000000
000000
010000
000000
000000
000000
000110
001000
000100
000000
000000
000000
000000
000001
000100
000000
000000
000001
010100
000000
100100
000000
000000
000000
000100
000001
000000
000100
000000
000010
000000
000100
000000
001000
000000
010000
000000
100010
001000
000000
010000
000000
000110
000000
000000
000000
011100
000110
100000
000000
001010
000100
000000
100000
000000
000000
000000
000001
010100
000000
000000
000000
000000
000000
010000
000100
001000
001000
010110
000100
000000
000000
000001
000000
000000
001000
000000
000000
001000
000100
000000
000000
100000
000000
000000
000000
000000
000000
000000
000000
000000
000000
000000
000000
000000
000000
010000
000000
000000
000000
000000
001000
000000
000000
100000
000000
001000
000000
000001
010000
000010
100000
100100
000000
000000
000000
000000
000000
000000
000000
000010
000000
000000
000000
000110
000001
010000
000000
000000
000010
000010
001000
010010
010000
100000
100000
000101
110000
000010
000000
000000
000000
000000
100000
000000
000000
110000
000000
000000
000000
000001
010000
000001
001000
000000
000000
000000
000010
000110
000000
000000
000000
100000
000000
010000
000000
000100
000000
000000
000100
100000
000000
100000
001000
000000
000000
000000
010000
000001
000010
000000
001001
000000
000100
001000
000000
100001
000000
000001
000010
000000
000000
000000
000000
000000
000000
100011
000000
000000
000000
000010
000000
000000
010000
010001
000100
000000
000010
000100
001000
000000
000000
010010
000000
001000
000100
000000
100000
000000
000000
000000
000001
000000
000010
010000
000001
000010
100000
000001
000000
000100
000000
011000
000101
000000
000000
000000
000000
000000
100000
000000
000000
000000
000001
100001
001010
000000
000010
000001
001000
000100
000000
000001
000000
010000
010000
000000
000000
000001
000000
000000
011000
000000
000000
000100
000000
000000
100001
101000
000001
100000
000000
010000
000000
000010
010000
000010
000001
000000
010000
000000
000100
100001
000110
001100
000000
010000
000010
100100
000010
000000
000000
000100
000000
000000
000000
000010
000000
010000
000000
000000
000000
000000
000001
000000
000000
010000
000000
000000
000000
100000
000000
000000
100000
000000
000100
000000
000010
000000
000000
000000
000000
010000
000000
000000
011000
000100
000000
110000
000100
010000
000000
000000
000000
000000
000000
000000
000001
000000
000000
001000
000000
000000
000000
000000
000000
000000
000100
000100
000000
000000
000010
000000
000010
000000
001000
000010
000000
000000
100000
000000
000000
000000
000000
000001
000100
000000
000000
000001
000000
000000
000000
000000
000000
010000
001000
000000
000000
000000
010000
000000
001000
100000
000000
000000
000100
100000
000010
000010
000000
000010
000010
000000
001000
100000
000100
000010
000000
001000
000000
000101
000000
000001
010000
000000
000000
000000
000000
000101
000000
001010
000000
000000
010000
101000
000100
001000
000000
000000
100000
000000
000011
000000
100000
000010
000000
000011
000000
000001
110000
000000
000000
010010
000001
000000
000000
000000
000000
010000
011000
000000
000001
000000
000000
100000
000000
010010
001000
000110
000100
000000
000000
001100
010000
000000
000000
000000
000000
000000
000000
000000
000000
000001
001010
000000
000010
000001
000000
000000
000100
000000
000100
000000
000000
000000
000000
000100
000000
101001
100000
010000
100001
000000
000000
000001
000000
000001
001000
000000
000000
000000
000000
000000
000000
000000
000000
000000
100000
100100
000011
000001
100000
000000
000000
000000
000000
000000
010000
100000
100100
010000
010001
000100
000000
000010
000100
010000
000001
001000
100000
000000
000110
000000
000000
010000
001000