010111
101000
101100
001011
101101
010011
011111
110100
001100
110111
111101
101001
010000
110111
100111
000111
000101
010110
001101
001100
101011
111000
010111
010100
110010
101001
111100
111101
010101
100111
010010
001111
100111
001101
110110
100000
011001
100011
110000
100000
000010
110100
101000
110001
100011
010111
010100
101110
101011
010000
110011
000101
010010
001011
011011
001000
111010
001101
011000
111110
011101
011011
001010
110011
011010
001000
100001
000110
010111
011000
010010
011010
101000
011110
000001
101000
110000
011101
000100
101100
101000
001110
101011
001101
001110
000011
011101
110010
001101
111000
010000
111011
100000
111001
111001
110011
101100
000010
101010
110110
000101
011111
000011
110010
100011
101011
001011
011110
100000
100111
001101
000011
111011
101110
110011
101010
000111
011010
001100
110001
001000
011001
101001
000111
101011
010100
101010
100101
010010
110000
111111
111001
001110
001110
111010
111110
010011
111111
111110
100000
101001
101111
111101
011000
110110
011000
110010
001100
000001
110011
011100
101110
101010
011110
000101
110000
100100
010101
110001
001000
100000
000001
001010
101101
000010
010000
011001
011101
101100
000100
101101
000001
110111
010001
010111
001110
111000
101011
100111
101110
010101
011000
011101
101100
001000
110000
101101
111101
101100
010010
010101
101100
111011
100111
011011
000110
101010
101011
001101
011010
010011
011111
100001
100000
100011
010110
100010
001000
110010
100000
101100
101000
101100
111111
100100
101001
101010
010010
110000
110011
001101
000110
110100
011011
110011
000010
111110
110001
001110
011100
101100
110000
100011
000010
111100
011001
001000
010100
001010
111001
010111
100111
101000
011111
101010
011111
110000
100000
101100
100111
110000
100010
100011
100011
100010
100111
001011
001110
000001
000010
100101
111110
100101
010001
111110
011111
110001
111001
001111
110011
100101
001011
100111
010010
001001
011110
111101
001001
010100
011011
011010
011011
110001
111001
110101
100110
111101
100101
000010
101011
101111
001010
101111
100111
011111
011101
010110
011101
111001
010100
100101
011100
101001
010100
110011
101001
111100
001010
100000
010001
100010
110000
001010
000110
001100
000100
110011
011010
010101
111011
011100
100010
100100
001101
100010
011101
001011
110011
000111
100001
001001
011010
000110
110010
100000
001110
110011
111110
001111
101101
111100
100110
011111
101101
010001
100000
000100
101011
101100
010111
000100
110111
111110
110001
111100
100001
011111
111110
111111
111101
000011
110111
110101
110000
101110
000110
010000
000110
010110
110110
101010
110011
010110
110101
111000
101110
110010
100100
111001
010100
011000
001111
010000
100100
010000
011010
001011
100101
001010
110101
111001
101011
011010
011001
111101
100110
100111
100010
001011
000001
010110
100001
101000
100110
101110
011001
011000
101001
100101
101111
010010
001100
100101
001010
001101
000011
010110
100110
111010
110100
101101
001010
001101
011000
011111
101010
111010
111000
101011
010110
111011
000011
100111
001111
010100
101101
101000
111110
011101
010110
110101
100101
011011
110101
001001
100110
110100
011001
101011
010011
011011
001001
001101
001001
011000
011000
011111
110101
110100
001001
011101
110011
011000
111010
011110
101001
110101
111001
110011
011011
011100
000011
010000
110011
001000
001100
001111
111010
100001
000111
010000
010011
011110
010100
101010
010100
001001
011110
100011
111110
111100
010000
001111
010110
101101
000010
001000
011000
001101
101100
010101
000011
010100
100101
100111
110011
011010
011101
010001
011010
001001
101001
101100
111000
011110
101111
110111
011010
100111
001000
000111
000110
011110
001011
100001
001001
100010
101111
100011
110100
110000
000100
011101
100100
001100
000111
011010
101110
111110
101101
111100
000101
100000
110011
111101
100001
101001
011000
010110
101001
011000
000011
000100
001110
001001
111110
001011
010001
001110
010110
011000
110101
101001
110011
100100
100000
000000
011111
010101
101101
001010
001101
101101
001111
100010
100101
000100
010100
101100
000100
100100
110101
100101
010101
011100
010101
111111
100100
000111
000011
011101
000101
101010
000111
100101
111000
001111
010000
001110
101111
110000
010100
101000
100110
100000
111100
010000
110000
001111
100110
101010
011100
111101
010100
101110
011011
001011
010101
100010
000011
101011
000000
000010
011010
010100
011111
100001
100000
110111
100010
001101
011100
111111
100111
011011
000000
000011
000100
001111
010000
011001
000011
000101
110010
101101
000101
101110
010101
010010
111000
000101
111001
011110
010100
111100
000011
000011
111111
000000
010111
110011
011110
011101
111110
011110
001011
100011
110110
000101
010011
000101
100110
001001
111100
101011
001110
001110
100010
001001
001000
110110
100101
001101
111111
100111
111101
110111
111101
110011
001011
100111
001010
101000
110101
000101
001010
110010
111100
101100
100101
000100
100111
000010
110100
010001
100100
011000
000100
111011
111110
011101
010011
001101
110110
101110
011100
010010
010010
111001
110001
111110
001011
010100
101010
110101
111101
101111
111011
101101
101000
110110
100100
000000
101001
000000
100110
110011
001001
001010
000001
001100
100111
000010
110110
110000
111010
001001
110011
100100
011000
100010
010101
100001
011100
001111
110101
001011
001000
001001
111110
001010
000111
000101
000010
011110
110100
101010
111100
101010
000001
101000
100011
101110
011000
101110
101100
111000
000010
010010
100011
010000
000111
000011
100110
101101
010001
001011
110100
010110
110110
111100
100011
010010
101110
000111
010111
011110
100001
101101
001001
110101
010101
110111
111000
000100
010011
011101
100111
101011
110010
001000
110001
110011
111011
010000
100000
100110
100010
110100
110010
111101
011110
010111
111000
011101
000000
110001
111110
111100
100101
001011
010010
100111
111101
000000
011011
001101
011010
001101
011011
100100
111010
011100
110000
110110
101001
111111
011001
010000
111011
101010
110111
100001
011011
011011
101010
111000
000111
100010
110100
011001
110100
000101
101000
110010
100101
000011
101100
101001
001011
001110
110110
101001
101110
010011
110101
100111
000111
101110
011111
011101
010000
011001
111111
001101
101000
110110
111000
110001
011101
000100
110010
110100
010010
001110
011111
000010
001111
011110
101001
110110
111010
100001
111101
101101
100101
111100
100111
101110
100110
010101
110110
010001
010010
000100
110011
100011
101110
110011
010101
100011
010010
011110
110111
010011
000100
100100
111000
100100
110011
101010
011110
100010
100101
111011
101010
101111
000011
100010
111101
001010
001101
000101
100000
001111
001100
100011
000110
110100
101110
110101
000000
110010
110001
001110
010111
000101
011100
010100
111000
011110
110100
001001
000111
010010
000101
011101
010110
001000
000010
010000
010000
111011
001100
101111
111110
010011
101110
101001
111111
101110
100101
100000
101100
011101
011111
010011
001000
000001
000010
110110
110110
010001
100101
010101
101010
100011
000001
000001
000101