111101
100101
011110
011111
100101
111011
000110
000101
000000
010001
000110
110111
100011
100011
100000
001001
011011
100011
010001
000111
100110
110011
010101
110000
000000
110001
010001
011101
101111
010000
100100
011111
000111
011010
000000
110010
001000
111011
101011
010110
010010
010010
010110
000101
001100
111100
011010
111100
101110
011110
011010
111001
010000
110100
111000
000011
111101
000010
000000
101000
101000
111110
110001
011101
010001
100001
111011
011010
010110
100011
111100
001101
000100
110000
101100
101111
001101
010010
101000
110011
111001
111111
100011
000101
000000
011011
101101
111111
101010
000111
001000
110001
100011
000000
100111
110001
000000
011111
100101
111100
001100
100011
100010
000001
010000
111100
111101
111101
100111
011000
100101
111110
000001
010001
110111
000111
100111
011000
111010
110111
110000
100111
101111
011111
011001
000111
100000
011000
010110
010000
110111
111110
101000
110100
110100
101100
001110
110001
110100
110001
001011
100111
001111
101010
000111
110110
101011
111010
010011
001101
101101
100110
101110
110000
010100
001110
110010
000001
110001
100000
110011
011111
001000
010001
000001
101011
110101
010011
001110
010010
001010
000110
000011
000101
010101
000000
010110
101110
001010
101110
010011
010111
001000
111001
110101
100011
000011
001011
111010
000011
011100
011001
001100
011101
111110
000000
010010
101100
111000
100001
110101
101111
111101
100100
101100
100010
001010
001111
001010
101110
001111
000101
111100
111010
011111
111100
011110
111010
111010
111110
100000
110001
111000
011010
001110
100011
000101
011111
011111
000000
101100
110101
000111
101011
000100
100010
010010
100100
010001
000110
001010
011011
101110
000011
101000
100010
010001
111001
010001
101011
010000
001111
111001
010010
110101
010111
001000
000101
001110
101101
000111
110100
110010
111001
001111
001110
100100
111000
100101
010101
100100
110011
001110
011100
011101
110010
110010
101101
100111
111111
110010
011000
100010
000011
000001
011111
110111
111111
101101
011011
111001
110111
011110
110110
100011
110000
111100
010011
111001
000001
101011
000001
101101
000110
000101
010100
001111
111000
101111
111011
011010
110011
110011
011110
100100
001011
100100
100011
101110
110000
110001
001110
000111
110110
010111
101000
100011
001111
111101
001111
100011
111000
111111
000111
000000
001001
110010
011111
011111
110100
100100
110100
100010
100001
111100
101111
000001
110111
101100
101001
101110
100001
011010
111110
110000
001110
010100
100011
010000
110010
000101
001001
000000
001110
100011
010110
010110
110100
001000
110110
111100
010000
110110
100110
101011
001011
100111
010010
110001
010000
111101
110011
110111
101101
010111
100010
110011
110010
010011
010010
010010
010010
010010
110100
010011
000000
000000
011110
101110
100110
000011
110010
111001
100100
111001
001010
111011
100100
111100
101011
100100
001110
011111
111011
100001
010001
110111
101110
110010
010001
001010
010101
001101
011011
110010
111110
110100
110111
111101
111010
010100
000000
111110
111100
011000
110111
011110
001111
101110
101100
010101
000101
100001
100111
001100
011101
111101
100011
001110
110111
011000
011100
110111
111010
001011
011010
001100
110000
111010
110101
110011
110011
101010
001111
000010
011110
111000
001111
101010
111010
100000
110100
100111
000001
111011
000101
111001
010100
111001
001000
110001
000010
101100
100111
111100
100101
101000
100011
111101
000111
000101
000000
101000
011010
001101
011101
100100
100101
000111
110101
110110
100010
010101
100011
010010
001111
110001
100101
010001
110111
100001
100110
101011
010111
100101
101100
100100
110000
110111
000101
011101
110100
001101
011101
000111
110111
101110
110001
101110
001010
110100
011001
011000
010111
011000
000000
101010
010100
111011
011011
101110
001000
100000
011001
100110
101011
110111
101111
100011
101100
100101
011101
001000
001010
000110
011100
110000
111111
001010
010011
101001
101011
001110
100110
110000
111110
101110
011011
010001
010101
001100
000110
010001
111000
110111
001011
111001
011100
010101
111111
111001
000011
011111
111110
001101
110001
001001
000001
000001
010011
111001
000011
000011
100100
001011
010111
010100
100110
010110
011011
110000
001010
111111
011100
000101
100011
011000
110000
100011
011010
000010
111011
000001
111111
000111
010001
100000
011011
011111
110100
011010
010110
100011
001101
001001
110100
010101
110101
110110
101101
000101
111011
111101
110100
101101
101000
000101
110110
110011
001001
110010
001110
101000
101100
101111
100110
010000
100111
000011
001101
011010
100000
000011
010110
010101
000100
100000
011110
011110
000100
000011
110110
110001
100001
111011
010001
110100
101111
010010
000111
100010
001110
001101
001101
001000
110001
001000
001000
100100
000010
000110
100111
000111
010011
110011
011000
001001
110001
101000
011110
010101
111110
001011
011111
010110
000011
110010
101011
000110
011000
100000
100011
101000
010010
100111
100011
110001
000010
000000
100111
001111
101001
110101
011001
111001
111000
100010
011011
001000
000110
011011
101001
011010
110001
010111
010001
010111
011001
110100
001100
011100
100100
110000
011101
111011
110100
111000
011110
111001
100010
100000
100011
001111
101000
101001
111110
100101
101100
100010
111101
110111
001011
111000
010100
000000
011010
011010
011110
010010
111100
111000
110101
000010
111101
000001
010110
011010
110011
010011
010111
001000
010101
101101
111110
100000
011100
011000
010111
011110
010111
100100
001110
110000
110011
001001
011010
101000
111000
111010
110101
001100
000011
001111
000110
010011
100010
101000
100010
010011
111011
110110
110001
111010
010110
111011
111000
111011
010110
110011
011101
001001
101101
000010
110011
111000
101010
010100
110001
000011
011100
110100
110010
110110
010000
100101
110110
110010
000011
001110
101001
111001
000100
001101
110001
010001
101100
001110
100000
001010
010010
111011
111110
000011
100101
111100
100111
011010
001101
000101
000111
010110
110000
100100
010001
001110
111000
000111
110011
011100
101101
101000
011101
011010
101101
111010
101001
111110
100000
011000
010110
111111
100011
000011
011110
110110
100000
100110
010101
111000
100001
011110
100001
110101
001011
010001
001001
011101
001001
011010
100101
000010
110101
000100
100100
011110
100000
001000
110100
111010
101111
001010
101000
111110
011010
101011
111101
010001
101111
100111
000000
011001
001011
111011
000001
001001
011010
111101
001111
110101
011001
110101
001101
000101
010010
100000
111111
100101
111100
000100
000111
011101
110100
001100
010101
110011
011111
001010
100100
001111
010111
100000
010010
011011
011100
000011
010010
011111
111011
101010
001100
011111
010100
100011
101100
111110
001101
111101
000100
101111
000111
001110
101101
011010
111011
000110
100000
111010
010100
100100
110100
110011
001110
101101
010010
111110
110111
011001
011011
101010
001100
000100
011000
100010
100111
011111
100111
111000
010010
110111
100111
110001
000011
110000
010110
100011
111000
000011
110011
100110
110001