101001
000010
100000
000100
010100
000101
000000
000010
000001
000001
000100
000000
000000
000000
010001
100000
000001
000010
100000
010000
110000
100000
110000
010000
000000
101010
000000
001000
001000
100000
000000
000000
000101
110001
100000
101000
001010
000000
000011
100000
110001
000000
000000
000000
001000
000001
000101
000001
001000
100000
011000
000010
000000
000010
000000
000100
000000
000111
000100
100000
010000
000010
000010
101000
100000
000001
000000
001000
000001
110000
100000
001000
101000
100100
001010
010011
000110
010000
010001
010000
001000
000000
000010
010000
000001
000000
000001
000100
000000
000101
010101
000000
001100
000001
010000
010000
010000
001100
001000
000001
000000
000100
000000
100001
110000
100010
000000
111000
000000
001000
100010
000000
000001
000111
000101
000000
101000
111000
001000
000000
000100
000100
000000
000000
000101
000100
000000
100100
000000
010001
000100
010010
001010
001100
100000
001000
011001
000001
100100
010001
000011
011000
100010
001000
000000
000001
100000
000000
100001
010100
001001
000000
000000
001000
000000
000100
000000
001100
001000
000000
000100
100000
000000
100010
011000
000000
000001
010111
000001
100100
000010
000010
000010
000100
010001
011000
000110
000000
110010
001000
001100
001111
100100
000110
000000
000100
001000
000010
100001
101000
000011
001000
100100
000000
010000
000011
000000
001000
001010
100000
001000
000000
000000
000100
000000
000000
010000
010010
100000
001000
000100
100000
000100
000010
000001
000000
000000
000000
010000
001001
000000
100000
010000
001000
100011
000100
100000
000000
001101
000000
000000
100000
000100
100010
000110
000000
011001
110000
000000
001000
000010
000000
000000
000000
001010
000100
000000
000001
011000
100010
000000
000110
000100
000000
110100
000000
000000
001000
010001
100001
100100
001000
100001
001000
000000
000011
000010
000100
001000
100000
010011
010001
000000
100100
101100
000000
000000
000000
000010
000000
001000
000000
100000
101010
100000
010000
000010
000100
100000
100000
000100
000000
000000
100010
000000
100100
001000
010000
000100
000110
110000
100000
001000
000001
000100
000000
100000
000000
000000
110001
110000
100000
000100
001100
000101
000001
110000
000011
011001
010000
000010
001100
100000
001000
001000
000011
010110
001000
100001
000000
000100
000010
000100
010000
010100
001000
010000
000000
100000
011010
011110
010001
000000
111001
001100
000100
000000
110010
101000
000000
000000
000000
000100
100010
110001
010001
010000
010000
000100
001000
000000
001000
110000
100100
000000
000101
100011
010010
101100
010000
100101
010010
000100
000000
000100
000000
100000
011000
000000
001001
100000
000000
000000
000010
110001
000000
001000
000001
000001
000011
000110
000000
001000
110000
010000
001111
000000
100011
000000
010000
000000
010000
110010
000001
000101
000101
000000
000010
000100
000101
000010
100100
000001
000001
000001
001010
000000
110000
000110
000000
011010
000100
011000
001010
001100
000001
000000
100000
000001
000000
010100
000000
000000
100000
000001
000000
000100
000110
000100
000000
001010
000010
000000
000100
001000
010100
010000
000001
000000
011011
010000
001001
000000
001011
000001
000000
000010
000100
000100
000010
001000
100000
001000
000110
100000
000000
001100
001010
000010
000000
000001
001000
001100
000010
000100
000000
110000
000000
000000
000001
100001
001000
000000
000000
000100
000000
000100
100000
010000
001000
000000
001000
000000
000010
001101
000010
000011
100000
110100
010100
000000
100101
000000
001000
100001
010001
000010
000000
110000
000000
000000
001000
000000
100000
000000
001111
000010
000001
100000
000000
000000
000000
100100
010000
101100
010000
001000
100001
010000
010100
001000
001110
010000
000011
000100
000000
000000
000000
001010
000011
001000
000000
010000
100000
000001
000110
001101
000010
000000
000010
000101
101000
000000
101001
000010
000000
101001
000101
000000
100010
001001
110000
000000
000000
000100
000001
000000
001110
001000
000010
001100
000001
000000
000000
010000
001010
100010
000000
000000
000000
000010
100000
010001
100000
000010
100000
000101
000000
000000
000000
001000
110100
000000
000101
100000
000000
011000
010101
000001
010000
000000
001000
100000
000000
001010
010011
101000
100000
000000
110010
000000
000010
000000
000000
000000
100011
001000
000000
000001
011000
000000
000011
001100
001001
000000
000000
000000
001000
001110
000000
010101
100100
001010
000000
000000
000001
011100
001001
000000
000001
100000
000001
010000
100000
000100
000000
000000
001000
001110
000001
000000
010000
000010
000100
000000
010010
110100
010100
000000
000100
000011
000001
001000
000000
001100
100101
000000
100001
010101
000110
000100
010000
100100
000110
010000
000000
100010
000001
000100
100010
010000
000001
000000
000110
000001
000000
000110
000000
000000
001000
001100
000010
100000
001000
001000
101101
010000
000010
000000
101100
000100
000100
010100
010000
000000
001000
001000
100000
010010
001101
000000
000010
000000
000101
000001
000000
000000
001000
000100
100100
010000
010000
000000
001000
100001
010000
000110
000000
100000
000000
000000
001000
000110
100001
100000
010010
101000
000100
100001
000001
010010
010000
000000
000100
100000
000000
010001
010100
000010
000000
010001
010100
100010
100000
010000
100100
000000
000000
010000
101010
101100
000001
100010
000000
000000
011000
010101
000000
000000
000000
000100
100010
011000
000000
000000
000100
110000
000100
000001
011000
000000
100000
110111
010000
011000
000010
011011
011000
010000
110001
110010
000000
001101
001000
100110
010010
010010
011001
000100
010101
000001
000100
010000
010000
001000
100001
000100
000000
001000
100100
000001
000000
000000
110001
100001
000000
010000
100001
000000
001000
000000
010000
000100
000010
000000
100000
100000
000000
001001
010000
000000
000000
000001
100001
000000
000000
000001
000000
000001
000000
000001
000000
000001
001000
000000
000000
001010
000000
010000
010001
001000
001000
000000
000011
000000
000100
100001
001000
000001
010001
000100
100100
000001
000100
000100
000000
000001
000000
000000
110010
010111
100000
001000
000000
110000
000100
000001
100010
000110
100010
010000
000000
100000
000010
000000
000000
000000
000000
000000
000000
000000
000010
000010
011000
101000
000000
000000
000000
000000
010001
100100
001000
001000
001101
000001
001100
001000
010000
000000
010100
000010
001011
101000
000100
101000
010101
000000
000000
110000
010000
000010
000000
100001
100000
111000
000000
000000
101010
001010
110000
000000
000001
001000
000000
001010
000001
000100
000010
000000
000100
000000
000000
000000
000000
000000
000000
001100
000000
000010
110000
101001
000000
000000
000100
000001
001000
000000
000000
000000
000000
000000
000001
000000
010101
000000
000001
000000
101011
000000
100011
010100
000000
100000
000000
000000
000001
000000
000001
001000
110000
000000
000000
000000
001001
000001
010110
000001
000000
001000
001001
100001
001000
010001
001010
101000
000000
000000
000100
100000
001001