000000
101001
100010
010000
000100
000000
100000
000000
001000
000010
001001
010000
010110
000010
000000
000000
010010
010000
100110
010101
010000
110000
000010
000100
000010
000000
000100
001000
000101
010100
000000
100000
010110
000010
001010
010000
000000
001010
000010
100000
000000
111000
010100
001000
101000
100000
100000
000000
010100
100001
010000
100000
000010
000100
000000
100000
000000
001100
001001
001010
000001
001000
000010
000000
000000
001000
000000
000000
000010
100000
000101
001000
000010
011000
001000
001100
001011
000000
000000
101100
011000
000100
000101
110000
010000
011100
001100
101000
000001
110010
000001
010000
000100
110010
100001
000000
000111
110001
010000
000100
000000
000100
000000
000000
000100
000000
100001
010000
000000
100000
000000
110000
010000
001010
010000
101001
001011
010000
000000
111010
010010
000000
000000
110010
010100
010000
010000
011001
101000
001001
000000
000000
000001
110000
100100
000010
001000
100000
100010
010000
010001
101000
000100
001000
000001
000001
000010
000011
000001
000000
101001
001101
000000
010010
000000
001000
000000
010001
001010
000000
000000
001000
000010
000001
010000
100100
000000
100000
010110
000000
110010
000011
000110
000001
100000
000000
000010
110010
001010
101001
000000
010010
101000
001010
000000
100000
000000
000001
010010
101000
100000
010001
000000
011100
000000
000000
000000
001000
100010
000000
010001
010001
000000
100010
000010
010000
100000
000000
100010
001100
101101
000000
001000
000000
001111
000000
001110
101000
000000
001101
000010
000011
000000
000110
000000
001000
000000
100010
000001
011000
010010
100000
000001
100000
100010
011101
110000
100000
001000
010000
000000
110011
010001
000000
100001
000000
000100
010010
001000
000000
100000
000001
100000
001000
000000
001001
010001
100101
000010
100100
000000
000100
000000
000000
000101
000001
001000
000100
001000
100000
001100
010001
000001
000000
000001
000000
000100
100100
000000
000001
000010
000000
011100
001010
000000
000100
000010
001001
000110
000000
000110
000000
000010
000110
110010
111000
100000
100000
000101
100000
000100
001110
001000
100000
000000
000000
000000
000011
100001
000000
100011
100000
100010
100000
000100
001100
000000
000000
000000
101000
000000
001001
000000
000101
000000
100000
000000
101010
011000
000000
001000
010001
000000
001010
011010
000000
010000
100001
000000
010100
001010
011000
110001
100100
000000
100000
010011
000000
001000
001101
001001
100001
000010
010110
001100
010000
010001
000010
000000
100001
101010
001000
100100
001100
010100
001100
000010
000000
010001
000000
000010
010000
010000
000000
000000
010001
000010
110000
000001
100110
111100
000001
000000
001010
010010
000000
000110
001000
000000
000000
010001
010000
000000
101100
000000
011100
000000
000001
011100
010001
000010
000000
010001
000000
100000
000000
001000
010000
000000
000100
100010
100000
000100
000000
100000
100000
100010
010100
000000
100000
000000
000000
100000
011001
010011
011010
100000
100010
101001
100100
001000
101011
010000
001010
000010
101000
001010
100000
001001
000000
010000
010000
010001
101000
001000
111011
101001
001001
000000
000000
100001
001000
000000
010001
000000
000000
000000
000110
010001
000010
000000
000010
000000
001000
100000
000010
001001
001000
100000
110011
010111
000000
001000
000001
000101
001010
000000
000000
000000
011000
000000
000001
000010
000000
001100
101000
000100
100001
000000
000000
000010
011000
100100
110001
001000
100010
101000
000000
000000
010000
010000
001000
000000
001000
000011
101000
000000
000010
000001
100100
100101
100001
000100
000101
010000
000011
010100
000000
000011
000000
000000
000011
000010
001000
000010
110000
000000
010000
010000
100011
001100
000000
001000
001000
101001
000010
110000
000000
100000
000000
000100
000010
000000
000010
011111
000010
011100
001001
000000
000000
000000
100000
000010
000001
101000
001101
000100
010010
100000
100000
001010
000010
101100
000000
000101
000000
000000
011001
000000
011000
000000
000000
110000
001000
000000
000100
000000
000010
011001
010110
000010
001010
110000
000010
100000
000101
010010
001000
100011
000001
100001
001000
001101
001111
000011
011001
000001
000001
000001
000000
110100
000000
010001
101000
100000
100001
010010
001101
000000
000010
000000
000001
000000
100000
000000
100000
010000
000010
000000
100001
000011
000000
010001
000100
000000
001000
010000
010000
100000
000000
010110
000010
110100
000001
000010
000000
000000
010011
100101
111000
000000
100001
000110
010000
000000
100100
001010
000111
001010
000000
000100
110101
001000
010000
010000
000001
001100
011000
010000
000000
100000
100001
010010
000101
000000
001110
000100
100000
100000
000000
000001
000010
100111
000011
000000
100010
010010
000010
000100
001001
110000
000000
000100
101000
010001
000001
011101
110010
001001
000011
000011
100000
100000
000000
000010
010001
001000
000000
001000
010100
011000
100000
000000
000000
011000
110011
100010
000001
000100
000000
000100
010000
000001
000000
001000
000000
000000
010000
010001
000000
010000
000000
100000
100011
010010
111001
000000
001001
000000
000000
001100
000000
000000
100000
010000
000010
000000
110100
000100
001010
000010
011111
001010
100011
000000
011001
000101
000000
000100
000100
000000
100110
000000
000000
000000
000100
010001
000001
011100
000000
000000
001001
000100
001000
000000
000110
001000
100100
000011
101100
000110
001100
100000
000000
000000
100000
011010
000010
001000
000010
010000
000000
000001
000000
100000
101010
010001
000100
000000
000100
000001
111000
001001
000000
001001
010000
001000
010001
000110
000101
100110
000110
000000
000001
010011
000000
000001
100010
010100
001000
000001
000010
000001
000000
000000
000010
101010
001100
100000
010000
000001
100000
000000
100000
000000
101010
000000
000000
000001
100110
000001
100011
000010
001000
100000
100000
100000
100010
001100
000000
001000
100001
000000
000011
010010
000000
000000
100001
001000
001011
010000
000100
000010
010010
101000
000000
100000
000110
000110
000100
101010
000001
000001
010000
000000
000000
110100
000000
000110
000000
001100
010000
010000
001011
011000
000010
000001
000000
010000
010000
010000
000000
000000
010011
101010
000011
000011
110000
000010
001000
001000
110011
001001
100101
110100
000011
000000
000000
100000
000000
000001
001010
001110
010000
001001
100000
000000
000011
000000
010100
000100
010000
000010
010100
000100
000100
000000
000000
000101
000100
010000
110001
010000
000000
001000
001001
000101
000000
100000
001000
000010
011001
100000
010000
000001
100011
001000
001000
000000
000000
000000
010001
001000
001000
100010
000101
011000
100000
010000
010000
010001
000001
100000
000000
000001
101011
000000
100100
001000
000000
010000
000000
000001
100000
000010
100000
100000
100000
000010
010000
100000
010000
100101
100000
111000
000100
000000
000000
100000
000000
001000
000010
001100
011000
000001
000100
010000
000010
000000
000000
000010
001000
000000
010100
010100
001000
000000
000100
000000
000000