100000
000000
010010
000001
000100
000000
000000
001100
000000
010001
000000
100001
000101
100000
010011
000100
100000
100000
010100
000010
001000
010000
000100
000001
100000
000000
000000
000000
010100
000000
000101
000110
000001
000000
000000
110010
000000
000000
000010
001000
000000
001010
010010
000001
000011
000010
010000
100010
001100
100000
001000
000010
010000
011010
001000
010000
001100
001001
000001
000000
010101
110000
100000
011101
000000
001010
000110
100000
101001
001110
000000
001010
011100
000001
001000
001000
000101
000010
010001
000000
000100
000100
100010
000100
100000
000000
000100
000000
000000
000100
100100
000000
000010
100100
100010
100101
110010
000000
001010
000010
000000
000000
100100
000010
000101
000100
110000
000110
001000
010110
000110
010000
000101
000000
000000
011010
011001
100000
000010
000000
010001
100001
010000
100000
010000
000000
010001
100000
000010
000000
000000
000001
000001
000011
010001
000101
010010
001000
100000
100001
000000
100000
100010
100010
100000
001000
011000
100000
000100
001110
001100
000001
000000
000010
110000
000000
000000
000001
100000
001011
001000
000010
000001
000000
110010
010000
000101
101010
100001
000001
001001
000000
001000
000000
000010
000100
101000
100000
000010
010000
011001
100000
000001
000101
001000
010000
010010
000000
000010
000010
010000
000101
000000
000010
000000
011000
000000
000000
000000
000001
000000
000010
010000
001011
000100
000000
000000
110000
000001
000001
000100
110000
001010
011010
000101
000001
000101
101011
001100
001010
000100
100100
000000
010010
111000
000000
000000
011100
010000
100000
011000
100000
000111
100000
000100
000000
110010
000110
000001
100000
000001
011001
010000
010001
101011
000000
101000
100000
000000
001100
000000
000000
001000
000000
000000
001001
001000
000011
000100
000100
000000
000000
000000
000000
001100
010011
010000
000000
001100
000001
100000
101000
000000
000000
010010
100100
000000
100010
000001
001010
000010
010100
010000
100000
000000
100010
010010
000000
110110
010001
100110
100100
010000
100010
000100
001110
001000
000001
100100
000001
000000
100000
000001
000100
000100
001000
010000
000000
101010
000010
000001
010011
101000
100000
000000
001100
000001
000001
000000
001000
001000
000000
000001
000000
001010
000001
010001
001000
000000
010000
001000
000010
011010
000100
001000
000001
000101
000001
000001
000000
001010
000010
100000
000010
000100
000000
000100
000000
001010
001000
000110
000110
000001
000000
000000
000000
001010
000000
000010
100000
000000
000000
000000
101000
000000
100000
000000
100101
000011
101001
110000
010010
101000
000000
100001
000010
100000
100100
000010
001011
010100
000000
001000
011010
000001
000001
000100
000000
100000
000000
001000
000010
000000
010100
010010
001000
000000
100000
001011
100000
000101
000110
000000
100010
000000
000000
101010
001000
000000
000001
000010
001001
000000
011000
001010
010000
110000
000100
000000
000000
000110
100100
000001
000100
000000
000011
011010
100000
101000
101110
010000
000100
101100
101000
101001
001100
001010
000000
100000
011000
100010
010000
101000
000100
000000
001000
000000
000000
000000
001000
000000
000001
000010
101000
000101
010101
000100
000000
010000
000000
100100
000001
000001
000000
000100
000000
000000
111000
000001
001000
001001
000000
010101
010000
000110
100010
000001
000100
000000
101010
000000
100001
000001
000000
100000
000010
001000
001001
000000
000100
100000
000000
000001
000100
001000
001001
000000
000000
001001
010100
100010
000100
100000
000100
001000
000000
000001
001000
011000
000000
000010
011110
100001
000001
000010
000001
000100
010001
000000
001000
000001
100000
010001
000000
000011
000000
010000
011000
100000
101000
110000
000000
010001
011010
000000
001000
000000
000010
001100
001000
000000
110010
100000
010000
000010
000000
000000
000000
000010
001001
100000
010000
000010
000000
010111
000110
010101
000101
000000
000001
000000
000100
010000
000110
000000
000100
000100
000010
000001
100000
100010
000000
000000
000100
100110
000000
000110
001000
101100
010000
000000
010000
100000
001000
000100
000001
010001
000010
011000
100000
110000
010000
000000
100000
000100
000000
100000
100001
100000
111100
000000
010001
000100
000100
110100
000000
000010
100000
000100
000000
010110
000011
001010
010100
010010
001000
001000
001000
100010
000000
100000
000100
001110
010010
000000
110100
000000
000000
101000
000000
000000
000011
000000
000000
101010
000000
000000
000010
111100
100111
010000
000010
001000
100000
100000
100000
000101
001000
000001
101000
100010
111100
101011
010000
000100
000100
111000
000000
010001
010001
000000
010111
001000
100000
000010
001000
100000
101000
001110
000010
000000
100000
001000
000100
011000
000000
000000
010100
100000
001100
010100
010100
000010
100000
111000
100001
111000
000100
000001
000011
000000
001000
000000
000000
010000
001000
000000
000010
000000
000101
010000
000100
010000
000000
000000
000001
100110
000000
001000
100100
010000
000100
100000
000100
000000
000000
000000
110000
000010
000000
000000
010000
010000
001010
000001
000000
000000
000000
110010
000000
001000
001000
011000
001000
000001
001001
000110
010000
011000
001000
000100
000001
000000
000101
100010
000100
100100
000101
000001
100000
000000
100000
100100
000000
001000
000000
100000
011011
000000
000111
001000
001001
000010
110000
000000
000000
000001
000000
000000
010100
000110
000000
001100
000000
000101
000001
000001
001000
000000
000000
000000
000010
010100
100000
000101
001000
001001
000000
000000
100010
101000
110000
010001
001001
001010
000010
110000
000100
000000
000000
000010
000000
000010
101000
000010
010010
000000
000000
010101
000000
100000
000000
000000
001101
100000
011110
010000
100011
001001
000110
000010
001000
000000
101000
000001
001100
010010
000000
010001
010010
000010
000000
000010
000000
001000
001010
100000
100000
000100
000001
010000
000010
011000
000000
000001
100000
000100
010000
010000
000011
010000
000010
000110
000001
001001
010100
001111
000001
000000
001110
000100
001100
000000
000000
110000
000000
011001
000000
100001
000010
101000
110001
000000
010000
000000
000100
111001
000000
010000
000000
001001
000100
000100
010000
100000
000000
101101
101001
100000
000001
100000
000100
000000
100110
001110
010001
000001
010110
100000
000000
101010
001100
000100
000100
101010
110000
000000
000000
010010
000000
000010
011000
000100
000001
100000
001001
000000
000100
001101
000000
000000
000000
001000
001010
000000
000000
100011
110011
100000
000001
000101
000000
001010
001010
000010
010001
100010
000010
000000
100010
001000
000000
001100
010100
000110
000000
100000
000000
001000
000000
000100
010100
001000
001010
100010
010000
000000
000101
001000
101011
100111
001010
000001
000111
100100
000010
000001
000000
000100
000000
001000
000001
000000
101000
100000
001000
010000
000010
000001
010000
101010
101000
000101
000011
000001
010011
101000
000111
000100
000000
001000
010001
000100
100010
011000
000000
000001
001000
010010
000100