100001
010001
100100
010000
001000
000010
111101
100000
010001
001101
000000
010111
100010
000101
011011
001001
010100
001001
000000
001000
101000
000100
000000
000000
010100
000110
000000
000000
000001
111010
100000
000111
000000
000110
011110
011110
001010
111001
010000
001001
000001
001001
000000
001000
011100
100000
000010
010001
000000
010000
010101
010001
011000
001011
000000
100001
010000
000000
101000
100000
000100
010010
000010
101000
000001
010000
000001
010000
001010
010000
000001
000001
001000
100000
000100
101000
001000
001101
101001
000110
010110
000000
000010
000011
001000
001010
100000
101010
000000
000101
010100
100000
001000
010000
001000
011010
000100
010100
000000
000100
001001
000010
000001
001000
000000
101100
001100
000010
010000
010110
011000
110110
100011
000010
111000
100001
011110
010000
000000
110011
100010
101010
100001
110011
111010
110010
000110
010010
010100
000101
000001
000100
110100
001011
011110
100011
000001
101101
101001
001110
001100
010000
100010
000101
000011
000000
110001
100110
000100
011100
101100
011001
110000
000000
101001
110000
000111
000000
000010
000000
000010
011010
001010
010000
010000
000001
001010
000000
010001
000000
000001
010000
101000
100000
011010
111000
100000
001101
010000
000000
010001
000000
010010
000000
001010
000110
110001
001010
000100
010100
000000
111000
000011
010100
100000
110001
000010
001101
000011
000000
101110
100001
100010
110001
010110
010100
011001
010000
100111
010001
001000
100010
100001
000001
001110
101010
101101
000011
011000
010010
001101
001000
010000
110000
000010
000001
000010
000000
101000
101000
000010
000000
001011
100000
000000
101000
000001
100011
010100
010100
010001
100000
100001
100110
000100
100001
000000
000101
000000
000000
001111
000110
000000
100001
101001
000100
000010
000111
000000
110001
100100
100000
010000
000000
000010
100010
110000
001000
101000
010001
001001
010010
100100
110101
000100
101010
000001
010000
011011
101000
010100
010010
001100
011111
100010
010100
001100
000000
110010
010100
101000
001001
000000
010000
001000
000100
001010
000000
001100
011110
000000
111000
001011
100000
000000
001010
100100
000101
000000
100001
000010
101100
010011
110101
101000
111100
100000
000000
010101
111000
010000
000010
000010
000001
010001
010001
110000
100010
000000
100000
010010
000110
101000
001000
000010
000010
000001
100000
000000
000100
000010
000110
011010
001001
000000
110000
000100
101100
000010
000100
000010
010011
010000
101111
000001
100011
100110
111010
011001
000100
010100
100001
000100
000100
000000
110110
000000
000000
100000
010000
000000
010110
001001
100000
110011
100001
100011
110000
010000
101100
010010
000001
010011
000011
001000
110000
001000
000111
000001
000011
000010
100000
001000
011110
100000
001010
001000
000001
000000
010011
001000
000010
110000
100100
000101
000000
111101
000001
000010
000001
100000
001000
000000
000001
000001
001000
100010
010100
000000
100101
001001
001011
010110
000000
001000
001000
110001
101101
100101
101110
110011
100000
100001
010100
000100
100000
011111
001011
110010
111010
100000
001100
101011
101010
100110
000010
000000
010000
001010
000000
000100
000110
001111
110110
000100
000000
000100
101000
101000
000101
000100
000000
011001
000001
100011
100110
000001
000000
001011
000000
010010
000000
010100
001100
001011
000100
101100
000101
001100
100001
001000
100100
000000
100001
001000
011001
001001
010000
111001
000010
000100
011100
110100
000011
010000
001100
110000
000010
000000
100011
000001
100010
000000
011001
000010
010000
110111
100000
001000
100100
000010
001000
000000
010000
001001
100000
010001
010010
000000
001010
000001
010010
000001
001000
011100
010001
010001
010000
001001
000010
011011
010001
000100
001101
000011
000010
000010
000001
000100
000001
000000
000110
110010
101000
110100
011000
000110
000000
011000
100000
110000
010111
000000
000100
001010
100101
110110
101100
011000
010001
010000
000001
000010
100001
100110
100000
000110
100100
010100
100000
000000
000000
000000
100000
110011
011110
001001
000000
001000
011111
010000
000000
100000
010001
011000
110100
001011
011100
100000
010010
001010
000000
000001
000011
110010
001110
000011
000000
001001
000010
000001
010001
100011
000000
000100
101110
010010
000110
001010
000111
001000
010000
000001
001101
100001
010000
000100
001011
100000
100000
100000
100010
010100
000100
100000
110100
101000
100000
000100
101000
001000
001100
000100
010000
100001
111000
001000
100001
000101
100110
100000
000101
100101
100100
001100
100000
000010
000010
000000
001101
011000
001000
000011
100000
010101
100001
010101
001101
010000
010110
000111
101101
010111
100000
001010
010010
000000
011000
100110
001010
000110
101100
000000
000100
000000
100001
000000
000010
000010
100110
111001
010000
000001
010000
010000
101000
000100
100000
000010
001000
000001
011111
000000
110010
000010
000000
001100
101000
000100
100000
000011
001001
111010
000000
000101
010110
000001
001001
111000
101010
000100
000000
001000
010010
100001
000000
000000
100001
001000
000110
101010
010011
100000
010000
000101
000000
001100
001001
000000
000101
101010
010011
101000
010010
000010
000001
001000
001001
010100
010000
000100
000010
101001
000000
101101
001000
111000
000000
000101
100101
000001
110011
010000
000000
000010
000010
010100
011000
100000
000010
100000
010000
000000
001100
000000
101000
100010
010000
000000
000101
100010
000010
001011
110010
000000
011000
100010
101100
010100
110000
100001
100000
000010
010100
010001
010000
011010
001010
100000
001110
000011
100010
000010
100000
100011
001000
000001
000000
000001
000010
000011
000010
000000
010000
001100
000101
010011
101011
000010
000000
010100
110000
010100
001001
000010
001000
000010
001000
101000
110000
000010
010000
001000
001000
000001
101001
011000
011100
010010
000101
110000
100100
000000
000101
011010
001010
001100
000000
000101
101000
000110
100111
000010
001000
001010
011100
100111
000000
000000
100000
010000
011000
010010
000000
000000
000000
000101
000010
111111
011001
110110
101000
111011
010000
001110
010100
010000
001010
000101
010000
111011
011001
000100
100010
101001
100000
001011
011111
000110
110000
000011
001010
001011
101011
011100
000010
000001
101000
110001
100100
101000
100000
101010
000010
100101
011110
000000
011110
100101
110000
000010
001100
010000
000101
011100
010000
000011
000100
101000
000010
000010
100001
010100
000000
001111
000110
000000
111100
001100
000001
011000
010100
001000
000000
000100
100010
000000
000110
101111
010010
011010
101000
000110
010100
001001
100100
100001
000000
000010
000000
110001
000000
011010
000001
010001
000100
110000
001101
000000
010100
000100
100011
000010
010101
011001
000100
001111
010010
000000
000010
100000
000100
000000
000000
000001
010010
000011
010000
000100
000000
110111
000000
000010
011100
000001
110000
101100
010100
010101
100000
000100
100010
101001
001000
001001
000010
010000
000001
000000
000001
010010
101110
110000
000001
011011
101100
000000
000010
000000
100111