110111
101011
110101
011000
000000
101001
010001
101110
100100
111000
110011
101100
100010
001010
001001
000101
000000
001110
100101
000001
000100
100100
000000
110010
010010
111100
000110
010010
000001
010101
000100
001100
000100
010000
010000
000100
111000
100111
000001
000101
010100
111000
111000
110100
110000
010000
000101
010010
011110
001100
001000
000001
100000
000000
000100
011111
100000
110001
000000
000000
110001
000000
010111
001000
001100
110100
001101
000000
000011
101001
100100
101000
000000
000001
100010
000000
000000
111111
000000
011010
000000
010100
010100
110000
101001
000011
000000
100000
101000
010011
001000
101000
010100
010101
000000
111100
000010
001100
000011
010011
101000
010000
010010
000001
000000
000000
000001
000101
000101
000110
000000
001100
000000
001000
110100
100010
010010
001000
011010
010010
000000
100110
000100
000000
000101
110000
100100
000000
100001
100110
000000
010000
000010
000000
110000
000001
000000
010100
000111
100100
011000
110000
001000
010101
000000
010110
000101
011111
011000
100001
100001
000000
000011
100000
000000
000001
001000
000000
010001
000000
000111
001001
000000
100010
011010
100100
001100
000010
000010
001000
010010
010110
100000
001000
110000
001001
000000
001101
000000
001111
000101
001010
000100
000000
000100
110000
000000
100010
000101
000101
100000
000000
001101
100000
000000
010100
001001
110010
000010
101001
100100
000010
010010
001010
000100
001100
110001
000000
000000
011010
011000
000110
000000
110001
000010
000010
000011
001011
100101
000101
001100
000000
110010
001010
000000
101101
001000
100110
000000
100000
001000
001001
100010
001000
101000
100011
000100
001100
000001
000000
001001
111000
100000
001010
100011
001001
000000
111000
100100
000111
111010
000000
011100
001000
100001
001110
010000
001010
011010
001000
100100
000000
010001
010100
000001
101101
000010
010000
100100
001011
100110
000010
100010
001001
000000
000000
000100
010000
001010
001000
000000
010010
110010
000001
111011
010001
000000
010001
111000
001010
101000
100100
001001
010001
110100
110001
101000
010000
100000
110011
000000
001001
100010
111000
011000
010111
000010
000011
001010
111000
000001
000100
000100
101000
110100
010001
100100
001101
010001
010100
001100
001010
110000
001110
010000
000011
000000
001100
000100
000001
000000
010000
101001
001000
010000
010110
000000
100000
000000
000000
000000
010110
000100
011100
100101
110110
110000
101000
100001
001010
000111
100001
100000
101001
101011
001000
000100
100000
100001
100110
110010
110011
000010
010001
010110
001000
000010
000000
010100
100000
010000
101000
001000
011001
110001
010010
100101
101000
000100
011011
101010
100000
000100
000111
000000
000110
000001
000001
001011
010000
010001
000010
010001
101100
011001
011001
110000
010101
001000
000000
001000
010000
000010
001011
000010
100010
100010
010011
011010
110001
001000
000010
001000
010010
000000
010010
101010
100100
000001
101101
010100
100001
001011
000100
000001
110000
000011
000111
010100
010100
000000
001000
000100
000101
000011
001001
001100
100001
101000
010101
000100
010000
001001
011001
001100
000000
110100
100001
010001
100010
000000
010001
000000
000000
111000
001011
000010
000000
010010
000100
001001
101010
000000
001000
000100
011000
000010
001010
110010
011010
100100
001100
110110
000000
001101
100010
001101
000101
100011
000000
001001
100100
111000
100100
000000
011000
100001
010011
100101
010011
100000
010100
000100
100101
100011
011000
110010
100010
010000
000000
011110
000011
001000
110001
111000
001000
110001
001000
001011
110010
100000
010010
100100
001001
000010
111001
111100
000001
000000
100100
000100
000011
001000
000001
001010
100000
000010
000000
010100
100011
100110
110001
100000
110000
101000
000101
110000
100011
000010
011010
001100
100100
011100
100000
000000
010100
000000
001000
111010
001001
100001
010000
010000
000100
100000
100010
000010
001000
000101
100101
001100
110001
000101
001101
000000
100000
111001
000100
010010
000011
110001
001100
001000
010000
011000
000000
000110
010100
000000
101100
100010
001010
101000
000000
101000
100010
100010
010000
001000
000000
010010
000000
100000
000000
000001
100101
110111
010010
010111
001000
001100
001000
010000
010000
000001
110001
000110
011000
001001
010101
001000
000001
110000
000001
000001
001000
010000
000011
110000
011010
100011
100010
000010
100001
010000
100000
000000
100010
000101
000100
000011
100000
000100
101100
001001
000000
100000
001001
111010
100010
000100
010000
001000
010100
110010
000010
010000
010000
110010
010100
110000
001000
101001
011000
000010
000010
001010
100110
000100
111111
110100
000000
000110
000000
110001
001000
000011
100000
111000
000010
000100
001011
100010
001011
000100
100000
100010
010010
000010
010100
110100
100001
001000
101100
100001
001000
100000
000100
000010
000000
111000
000011
010000
000100
011010
100000
110000
010000
001100
001011
000010
001010
101000
000100
000000
111000
000000
001110
000000
011000
110010
000010
100000
001000
001010
010001
000001
110101
000000
000000
011001
010010
101000
011000
000100
001001
000101
000000
000011
101011
000000
001110
100000
110101
010000
010000
010111
010001
001100
000001
110000
000100
010010
101001
010101
000011
001100
000000
001010
110000
000000
110000
100000
101100
000110
100011
001110
101110
001000
000100
100000
000000
000000
000101
000100
100000
000110
011101
000000
100000
010001
000101
100010
100000
000101
000110
111000
000001
000001
100000
101000
111001
101100
010101
010010
000001
100010
000000
001111
100011
000110
101010
101001
000010
100000
010000
000000
000010
011010
011000
000111
010001
100001
100010
110000
001001
000000
000000
100001
010100
111000
010010
001000
010001
001100
110000
001001
110101
000100
000101
011001
000010
011000
101000
000000
000110
001000
100100
001000
100011
100001
100000
100011
000000
100010
100001
001001
100110
011111
010100
110111
100010
001001
001000
001000
000100
000001
000100
101100
010100
000011
100001
001010
000011
001100
010000
000101
010100
110000
010000
001000
011000
000100
000000
010000
010001
100001
101001
000000
001110
000111
010000
010010
100001
000011
100000
010000
010010
000000
000111
000001
000000
000010
100000
000000
100001
010100
000011
000100
100100
100000
110110
000001
101001
101000
000110
101000
110100
101101
011010
010101
001000
000000
100110
001110
000000
101100
100110
100110
001011
010001
001001
010000
010000
111001
010010
001001
101001
100011
000111
001000
001111
101000
101000
010100
000101
010110
011000
000010
000000
100000
000000
001000
000001
000000
000101
100000
000001
000011
110101
000010
010100
000110
001000
001010
000000
000001
001100
000111
010010
001110
100010
001001
010010
010010
000010
010100
000011
110000
011100
101000
101100
001000
010000
000011
000000
000000
011010
010000
000000
101000
011110
001001
001000
000100
111000
001000
000101
001110
000011
100001
001110
000010
011010
110111
000011
010000
010000
000100
010000
100000
000011
110100
001100
000100
000011
010000
010000
101000
000000