000010
110000
001001
111000
000001
000000
000000
000110
100000
010001
100000
010010
100100
001000
000000
000001
000100
000100
111011
000000
000000
000000
010011
100011
110000
001001
000111
001000
000010
101000
110000
010000
010111
011110
100000
101010
010000
110000
001010
100000
000010
010110
000100
101000
001000
000011
011001
000001
000010
111100
000001
000010
101111
000000
011000
000001
011001
001000
011010
010100
010010
000001
110001
000001
100000
000100
100100
100100
000000
000101
001000
000011
000100
010000
000000
000000
101000
000000
011000
111100
000100
110100
101000
001000
011000
011000
000001
010000
001000
000000
001000
100010
001010
101000
001101
011001
010000
100010
101011
000001
011010
000010
010010
000001
011110
110001
100001
001010
000100
100000
000100
010001
001000
000100
010011
010000
011000
000001
001010
101110
011000
011000
101100
100100
110000
100101
100011
001100
000110
001010
010000
000000
011000
001010
110101
000100
010001
100010
000100
100100
101000
000000
010001
000101
000111
010000
100011
000110
000001
111010
000010
000000
010100
000100
000001
000010
000000
010001
000000
011100
001010
000010
001010
110100
000000
011100
011001
010000
001001
011100
000001
000000
000000
001000
000110
001010
011001
010101
000101
001101
101001
001100
001010
000000
001000
010101
001100
001000
001010
000000
010011
000001
000011
000011
000100
000000
001000
010000
010100
000000
000000
000100
000010
001100
110000
000010
000010
010000
101011
110010
110000
011101
000000
000000
000000
010000
000100
101011
000000
100000
000000
000110
010110
000000
000000
101000
000011
110001
100000
110110
010001
001111
110000
010110
001000
011000
000100
101000
000000
000000
100000
000000
001000
011000
010000
001100
110000
010000
010100
001000
011100
011110
000010
110100
111100
000001
101010
000000
101000
001101
111011
111001
001000
000101
001010
000000
011001
100000
100001
110111
101001
001000
011101
110001
100001
110010
100000
000100
001111
000011
010010
011100
101000
000110
000000
000001
100001
010011
000000
011000
000000
001000
000110
000001
101010
000001
000110
000001
001001
000001
000100
110010
001000
000000
000001
100100
001000
100010
000001
000000
000000
000000
100000
100100
100001
011100
001011
010000
001011
001001
001001
011110
011000
001011
000101
000011
101000
111000
000001
000111
000000
111001
101000
100110
010111
001000
000110
110000
100011
000001
010100
010000
100001
000000
000010
000000
011011
000010
000000
000000
011100
000010
000100
000001
001000
000001
010010
110000
000000
000000
000011
100100
001001
011000
000110
100000
000010
001000
000000
001000
100000
100000
000000
100001
000000
000000
100001
001000
001001
010100
010001
010000
000000
100011
000000
001000
000000
110000
011000
110000
010100
111100
110000
101000
000000
011010
000001
010010
100010
001100
010000
110001
100000
000000
000000
000000
011101
100000
000000
100101
000000
000000
010000
010001
010000
100000
100011
000100
011100
100011
000110
010000
001000
011010
100011
010001
001010
011000
001000
100000
001000
010010
101101
110100
010000
110001
100010
101010
011000
011010
010000
100100
010100
000010
100000
010001
010100
010110
110000
001110
000100
000001
000000
000010
001000
000010
000000
011100
100010
001000
100100
000000
110010
010000
001101
011000
000000
001000
000001
110000
110101
110010
000000
100000
000001
100000
010100
100110
011111
000100
000000
000000
010001
001000
000000
110110
010100
001001
000100
100000
001000
000000
100101
010011
110100
010000
011000
100011
000000
000001
000001
101100
100001
001100
100000
010010
110100
000011
100010
001000
010010
100010
110000
011110
010001
011010
000010
100001
000001
000011
000001
001000
101000
010011
101000
010010
011011
010100
100000
111000
100000
111000
010000
111100
001010
110011
111000
000000
000100
010011
010000
101101
011010
010101
111101
100001
000101
001010
011101
000001
010000
001010
100000
100110
001010
000010
010001
010001
010110
000000
001000
010011
100000
010010
110000
001100
011100
010000
001000
000000
100010
001000
100100
001111
011110
000100
110010
001001
001000
110100
000001
000000
000000
100000
111010
000010
100110
000100
000100
001001
100000
100000
010001
100101
001001
000110
100000
001110
000000
100000
110100
100001
001010
010100
000010
110000
010000
000000
100001
110101
011000
001001
110000
110000
000100
001101
000110
101101
100000
100000
100010
111000
100000
010000
001111
001001
000101
100000
001000
010000
100010
111000
001000
111010
000000
000011
110111
000000
000100
000000
010111
010000
001110
000100
000000
001001
100001
001100
001010
001100
111110
110010
000001
010000
000010
000000
100010
100100
101010
100111
010001
000010
000100
000101
010110
000000
110000
000000
001010
100000
010000
001000
010100
000000
000000
101000
000011
000001
001010
001010
010010
000100
100000
000010
000100
000000
010000
000000
000000
000010
001011
000100
110111
001010
010100
000101
001001
100000
000100
001001
010010
000000
011100
001001
010100
010000
000101
100000
100101
001001
101000
110001
000000
000010
000100
100000
100000
000100
001001
000001
010011
011000
001000
101101
000101
111010
100100
001111
000000
101001
110010
000000
111001
000100
101001
010100
010000
000000
011001
000000
000000
000011
100000
001100
000100
101011
100010
010000
111100
001010
101010
000011
000000
100000
000010
100011
001000
100001
100001
100001
000101
001001
100001
110001
010001
001000
101000
101100
001111
001110
000111
111000
011010
000101
000100
100110
111111
000101
010000
000000
101110
110000
001000
001100
000001
000011
100001
000001
010000
000001
001000
000000
011011
000000
011100
100001
010000
101011
000000
001110
110001
100101
000001
110000
001000
000010
100000
100101
000000
000100
000000
001111
001000
010110
010010
100000
001000
100001
001000
001110
101000
001010
000000
000101
010101
000111
101010
000000
000001
101001
010101
100000
100010
110000
100110
101100
001100
010110
111111
100000
001000
111001
010101
000100
011101
010101
000000
010000
001000
010010
010000
100000
110001
000010
101001
001000
010001
111000
000000
000000
100000
001001
000001
111000
010000
100000
010000
010001
010001
001000
110111
110000
100100
001001
001000
000000
101100
000000
010000
000100
101000
000110
100110
001000
100001
010000
100100
000001
000100
011010
010101
000101
111010
000100
100000
000100
100000
110010
100010
000100
010101
010000
000000
001000
001100
000010
000110
000001
001000
000011
010011
010001
000001
100000
101100
001010
000000
000100
000011
100000
000011
000000
101000
100010
010000
010000
110110
000011
001000
101000
000100
000110
010011
000000
010011
001000
101110
011110
000001
000000
000011
001001
000100
111000
101101
100100
101101
101010
001010
000010
111000
110000
000000
000001
001000
001100
100001
100001
000010
000010
000100
011100
001001
000000
000110
000101
010000
111110
110000
001000
111001
000000
000100
000000
101000
100000
000011
001011
100000
100111
000100
000100
000011
000101
101111
000000
101000
010011
000011
010110
000001
100000
000001
010101
001001
000001
000010
000100
001011
111000