010100
001000
000000
011001
010101
101100
000100
000000
000000
000100
010000
101100
010010
101000
000001
001000
110000
001010
100000
010001
000110
101101
001010
000000
000001
010100
010011
010100
000110
000100
001101
000100
010010
000101
101000
000011
110111
100000
000001
000000
010010
001101
001001
000100
111101
001001
110001
001000
101100
100001
000010
100000
001010
000000
100010
000010
000100
000000
001000
000110
000010
110001
001110
001011
000010
000010
011110
001001
000100
011111
001010
001010
110000
010010
011101
001000
100001
010010
000000
000010
000010
001001
110011
000000
100000
110010
000011
100101
000100
011001
001000
101111
000100
000010
000111
010000
111011
101000
000100
000011
001010
101000
000000
011000
011010
000000
001010
011010
001101
101000
000001
001010
011000
000000
000000
100011
010010
010101
001101
000100
010010
000011
000001
010010
000001
000111
100100
100011
001000
000010
110000
000011
001011
111100
001000
001010
010100
000000
000001
100010
011000
001010
000000
101100
000000
010011
100011
000011
000010
010001
001010
000000
000100
100000
110000
010000
010011
010010
010000
011001
000000
000101
001100
110000
000101
110011
110100
100001
101000
001001
000011
011011
111111
000000
000000
011000
011100
110101
010100
000110
000000
100111
000001
000010
001000
001110
100000
000001
101011
100100
000010
001000
010101
001011
100000
101000
000111
000000
000110
100010
000000
001110
000001
001000
000000
100001
101000
000001
001000
010000
110010
000000
000011
101010
000000
100000
000000
010000
000001
101001
000000
000001
000000
000100
000000
000010
111011
000101
000000
000100
101000
001001
010001
001011
011000
100000
101011
010001
010000
100000
011000
000110
000000
001000
100000
000011
100010
100101
110100
000001
000010
000000
011100
001000
101010
100000
001010
000000
100000
001000
000000
000000
000000
000110
001000
000101
010100
010000
100000
110000
001000
010110
001010
000000
000001
000110
001100
000000
000101
010000
001011
001100
001010
000001
000000
001010
000000
001000
000100
000100
001010
011000
011101
011001
000110
000100
100100
001000
011000
100000
101100
000000
100000
001000
011000
000010
011000
000000
101011
100000
000010
100100
100000
100000
010000
100000
001010
101010
000000
000001
001000
000110
110100
111000
110011
000000
100000
010101
100001
100010
011000
001010
010010
001100
110101
000000
000001
000100
000100
000010
011100
000110
100001
000011
000001
000111
101001
111000
011100
001000
100100
000010
100100
010000
100100
111000
111000
000000
000100
000011
000000
100000
110100
011000
010000
001000
010100
000001
001101
000000
010000
000010
000100
001001
000010
001000
000101
000000
010000
010001
101011
001000
100010
110000
001000
001010
000010
100011
010100
000011
001100
111000
000111
110001
100000
101000
000100
110000
100001
110110
100101
010001
001100
110000
000000
000101
000100
011000
010000
001111
110100
000000
000010
000111
000001
000001
000000
000000
110000
000000
000111
101001
110000
000100
000010
011000
110001
100000
010000
010000
100000
010100
001000
010100
000000
000010
001000
101101
000001
110000
000100
000001
000000
001010
110000
010000
001100
001000
100100
001010
000100
110001
000011
000011
000110
001000
000110
000000
100011
000000
000000
111001
100000
010110
100111
100101
011100
000001
100000
100001
100110
000101
001001
011010
011001
101000
011000
000100
010000
010110
110010
001100
101100
100010
100001
110001
101001
000001
000000
100110
010100
111100
100000
000000
000100
000001
000101
011100
001111
100001
000101
101010
110001
000000
001001
011000
010010
001000
000000
010010
000000
110111
000101
000010
001100
011000
000100
000110
001000
100000
001000
000100
000001
100000
000101
010010
000010
000010
001001
001000
110001
100000
010000
101100
100000
001010
000001
010000
010010
010001
100000
000101
000010
000000
101010
001010
000000
010000
101000
110000
001001
001100
100010
011100
000000
010101
001000
001000
010111
010000
000110
001000
010101
111001
101001
010101
000111
010100
011000
100001
010000
101000
010000
100000
000010
010000
000110
000010
010010
001000
100010
010000
110110
100010
000101
110100
001100
100001
110100
000100
100001
100100
101010
010000
110000
010000
000010
001100
100101
011101
001000
000010
010101
001010
001011
010101
010000
110010
000000
000100
000010
011001
000010
111010
001010
000111
100000
000011
100000
000011
100010
100100
011100
000001
000011
010010
000011
010110
111100
001010
000000
000001
101001
001000
001101
000101
001010
000001
010101
000000
000001
000100
000001
000100
000000
010001
001010
101010
100100
111100
011101
000000
000000
011000
001001
000100
101000
000001
101000
001000
000010
000001
100100
010011
001001
100010
110011
001000
000001
010001
000100
000010
000010
000000
100010
010010
000101
001100
100000
100000
000100
001010
000110
010100
110100
001110
010000
100010
010001
000110
000100
101110
111000
000110
001000
000001
011010
110000
000101
100011
111000
010101
000000
000001
011000
000010
101110
000010
100010
100101
101000
010000
000010
001000
100010
001101
100110
100010
100011
000011
000000
001000
100000
010101
001100
000000
000100
010000
100101
110011
011000
010100
000001
000011
101000
000100
000000
000001
110100
001000
111000
000001
000100
010001
000000
000110
001000
000010
100110
000010
000001
110000
011110
000000
011010
010110
100110
001000
001101
101011
100011
100100
010101
011001
000000
011011
010010
010000
100010
000000
010001
010001
000011
000111
000000
100010
000000
001100
000101
000011
010000
001000
001011
000000
000010
000000
001000
001001
100000
100100
000111
000000
010001
010000
000001
100101
001000
000000
000001
001000
101010
010010
111010
000111
100010
000110
000001
100000
111010
000000
101000
100011
100001
100000
100100
000000
000001
000000
110100
010110
000000
000010
000000
001001
000000
101001
101100
101011
010000
010000
000010
010010
001000
000000
001011
011110
000100
010000
000011
000000
001000
001000
010001
100001
000001
001001
011110
010100
000000
101000
111111
001100
000101
000001
000011
000000
001000
110100
000000
100010
010100
000010
011001
000001
000000
000000
000110
011101
001000
100010
111000
000000
010110
110000
010010
000101
000100
010000
000001
010000
000100
000001
001101
000010
100110
000010
101000
000001
010010
110000
010100
110000
100000
000000
100111
101010
000110
000000
000001
011000
101001
001010
000010
000100
100001
000100
000111
000000
100000
100100
010000
000001
000001
011100
011101
101000
100010
100010
000110
100101
101111
100000
010011
110000
001011
100000
000010
000000
001001
000000
001001
000100
000000
100010
100001
100110
000111
101000
110000
000101
000000
000100
000010
011010
000101
000000
001000
000101
100110
100010
111100
000010
000010
010100
010010
001011
000010
011000
100000
000001
000000
000100
001000
010100
000110
010010
110111
001001
101010
000001
001000
011011
001000
011010
010001
001001
000010
001100
000100
101010
001000
001001
100001
000000
010001
001000
000010
011000
010010
011000
000000
111011
001010
010000
100000
000000
110101
000000
010001
010001