011010
110010
000001
000110
100000
010001
000000
000100
100101
001000
100110
001110
000000
101100
000100
010010
000010
100001
000010
010110
110000
110000
000001
110101
000101
010000
110110
100001
000000
101100
000000
100000
000011
101100
000010
001000
100110
100001
011000
011010
000000
110000
111010
101010
000010
000001
101000
100010
001000
110011
000011
010100
110001
000100
001000
001000
011001
010010
010000
011000
000001
100000
000001
111001
000001
100111
100000
000100
100001
000010
100100
001010
010010
101010
000001
011000
000001
101001
101011
110000
011001
001110
000110
000001
000010
010110
000001
010010
001010
001100
101010
100001
000100
001000
010010
011100
011010
011001
110000
000100
101100
001000
110000
000000
000000
100001
101001
001000
010001
010010
001001
000101
001000
000100
101100
001010
001000
010000
001000
110000
000100
000000
000001
001010
111000
001000
010010
000010
000010
101011
000100
101000
101000
000001
010011
111000
001100
100110
101010
000100
000100
100000
110000
000010
100011
001000
000000
010010
001000
000001
010100
010000
001010
010001
101001
001110
000010
100000
000000
100110
110011
101010
000001
110010
000000
000100
001010
100000
001000
110100
010000
000100
000100
000100
001000
010101
101000
100000
110100
001000
101010
111001
000000
010001
010000
010000
001100
011000
010010
100011
000000
100111
111101
010010
001000
001010
001000
011000
001010
100000
000100
100100
001100
011100
000100
000010
100001
000101
001000
100000
001010
101001
100110
101101
001011
001000
010011
101100
000000
110010
010010
001011
000000
001101
100111
110000
001001
000010
000000
000001
011010
100101
110000
111010
000111
000010
000010
001000
100010
001000
010011
111000
000000
000000
010000
000011
011000
000010
000000
101000
010110
010101
000101
100101
010001
100010
000000
000001
000001
010000
010001
001000
001010
000100
000000
101001
000100
100000
000111
100100
100110
110100
001010
010100
000100
010001
001000
100000
100000
001001
000110
001100
000000
001100
011101
011001
001010
001000
000010
011011
001011
001100
110000
000010
101000
000110
110011
100000
010100
101100
001010
000000
000100
000000
000000
001001
010000
000101
011000
111000
100010
000000
000000
110000
100000
101000
010001
000111
001001
010000
000000
000010
110010
001000
100001
010100
100100
001000
010010
100001
100001
001010
011000
111000
011110
000110
001010
001001
000000
100111
010100
100000
000001
101101
100000
100011
110011
100010
000100
011000
101100
010110
001000
011100
000000
010000
011001
000000
101000
000000
001000
000010
010010
000100
100000
001000
001000
010000
010110
011000
100000
100100
001000
001100
010100
010101
000000
101000
000010
100010
001110
000110
010100
000000
100001
100000
110010
000100
000100
101100
001110
001000
000011
001110
000101
011010
001110
100000
010001
010011
100000
010011
000100
110000
110000
101100
001000
110000
000001
110000
100000
000000
011101
001001
100000
000101
000001
001001
101000
000100
001100
000000
000111
100000
000000
101000
000011
010001
000001
000010
001101
010100
000001
001000
010101
100000
001010
001101
011101
000000
110110
011000
101011
001000
101100
001011
000000
000000
110001
001100
000100
010001
101100
100000
011011
000001
010110
000101
001000
101110
001111
001000
100000
000101
100000
101100
101000
011001
100000
011100
000101
000111
000010
000010
010000
001000
000100
001000
001110
010010
011100
001001
001011
001000
001000
101000
100110
000000
010011
011001
111100
101011
000001
000000
010010
000001
100000
001110
110011
001001
101110
100001
001111
000000
010011
011000
010011
000000
101000
001110
100100
010100
100110
000000
110100
000000
010010
000001
001110
100010
000010
001001
010010
010010
100000
010001
001100
000110
001001
010000
110010
001101
000100
101000
000100
001100
100000
101001
111000
000100
100000
110000
010000
000010
001010
000101
000000
010000
111001
101111
110010
010101
000110
010000
011001
001010
100000
000101
000001
000010
100000
001000
010000
110000
000000
101001
011010
000100
000001
000101
101001
011010
100010
100000
100000
111100
001000
010000
001010
110101
100111
000101
000010
101000
101101
110001
110000
010000
001000
010010
100000
001100
101001
010110
010100
001000
000001
011011
001000
011101
000110
111101
000101
000000
011000
010000
000111
100001
001100
010000
110000
010000
000010
010000
000000
100000
010000
111111
100001
100110
010111
010010
010100
000101
000001
100000
001001
100001
100010
001010
110000
100011
000100
100100
001000
100010
101010
100100
100100
001111
000011
110100
010000
110100
000000
001010
100110
000000
000001
010000
000011
100010
010000
000010
001001
000001
100000
100001
000000
100000
110001
101000
000100
001000
010001
000110
001100
000010
100001
110011
000100
110010
011001
000000
000001
000100
100011
000001
000000
110000
000000
000010
010000
000110
101000
110000
000000
100110
000000
011000
100000
000000
011001
010001
011110
110011
001010
000111
111000
011001
110000
010000
010110
010100
010000
000010
000000
101101
010010
010001
000111
000010
001000
110010
101000
111000
010001
111010
000000
010000
001100
000010
010001
000100
000000
100110
000010
010010
110100
100110
010000
010010
010100
000000
110000
010101
000001
100100
011010
000000
001101
000100
000000
100110
000010
001001
000000
001010
110000
000000
010100
000010
000000
110100
001011
000100
011000
110001
000100
001111
000100
100000
011010
100011
000100
000000
110000
110000
010001
000001
100000
101110
000010
101110
100000
000000
000101
000110
000000
110100
000001
010100
000000
011101
000001
000100
001000
000100
010111
001000
000000
100100
000111
101110
000000
101110
001100
010110
011001
001010
100000
110110
110001
100000
010000
000001
100000
011010
100000
000010
000010
010100
000011
010000
010001
000101
010000
010101
010101
001001
000110
100000
001010
000100
110010
101010
010000
000010
101001
000000
011100
110000
000000
010010
100110
010000
010010
010011
000000
001101
100100
000111
001100
000100
000000
100010
010110
100010
100010
001110
010001
101110
000010
000001
010101
110100
000001
000010
100001
000100
001000
110000
000001
111000
000000
111111
000111
000110
000101
000000
100010
011001
001000
011001
001000
000000
000010
100000
010000
000000
101100
100100
100000
011111
010000
100110
010011
010010
000100
100001
100001
000000
001000
011100
010001
010000
000010
011010
101011
000001
000001
000001
000001
100000
001100
001000
001111
010101
100110
000100
000100
100000
010010
000000
010000
001000
110000
001000
000110
100110
100110
000111
001000
001000
000011
000000
100100
100110
100011
010101
001100
010000
010110
011001
010010
000000
000010
000111
000001
100100
010001
010100
001100
001010
000000
000010
010010
110000
010001
101110
100000
000011
000101
110101
011000
100010
011100
000001
101000
000100
100010
010010
001011
101011
100000
100011
001010
010001
101010
011010
110001
011000
011011
011100
100000
000000
011101
000010
000000
110100
000010
001001
010010
100001
000001
000100
101001
011000
001001
100001
001010
001110
000101
010000
100110
110100
000110
100000
011000
001100