000000
000000
000000
000000
001100
000000
000011
000001
000101
000000
000001
000000
100100
100000
000000
100001
010001
010000
011000
011010
001000
100110
100000
000000
000000
000100
010110
000000
000000
000000
000000
000000
010000
000100
000000
001000
001001
000000
000000
010000
000000
000001
000000
000000
000000
000101
101000
000001
001000
000000
000000
000000
100000
000100
000000
000100
000000
001010
100110
010000
001000
000001
000000
000001
101000
000100
000000
110000
000001
100000
010010
101100
000010
001000
100100
000000
000000
000000
101001
000010
000000
000010
000010
100000
000100
100011
010000
000000
000100
000000
000000
000010
001000
101010
100011
100100
000001
000001
000000
100001
000000
000000
000000
110010
000000
000000
000000
000010
000000
001000
010000
000000
000000
100000
000100
000010
001010
010000
001000
000101
001000
000100
000000
000000
010001
000000
011000
110000
111000
000100
000000
000000
010000
000000
000000
000000
000101
000010
010010
000000
000000
001001
000000
001000
000000
000000
000010
001010
000000
000010
000000
000000
100000
001000
000000
000100
000000
000010
000000
000000
000000
100100
000000
010001
100000
000000
000000
000000
001000
000100
000000
000000
000010
101010
000000
000011
000000
010100
000001
000010
000000
000000
010000
011000
000000
010000
000100
000000
000011
000000
000000
000000
001010
001000
000000
100000
000000
000000
010110
100000
000000
001000
000000
000010
001000
100000
000000
000000
000000
000001
000000
000000
000000
000011
000110
000010
000000
000000
000000
000000
000000
000000
011000
000100
000001
000000
010000
100001
000000
001000
100000
000001
001000
000000
100000
100000
000001
000001
000010
000000
000000
000000
100000
100001
000000
100101
000000
000000
000010
000000
000110
000000
100000
000000
000000
000100
000100
000000
000000
000000
000000
010001
000000
000000
000000
001000
010000
000001
111000
000100
000000
001000
000000
100100
000000
100000
010010
100000
000110
000001
100010
010010
000000
110001
000000
100000
000000
001110
000000
000000
000000
000000
000000
000000
001001
000100
011000
000000
000000
001000
000000
100000
100000
000000
000000
000000
000000
100001
000100
000000
100011
010010
010000
000000
000000
000001
000010
000100
010001
000000
110010
000001
000010
000100
010000
001000
000000
000001
100000
000000
000000
000010
000000
101010
000000
000000
000100
000100
011000
000001
000000
000000
010000
000001
010000
010001
010000
000001
000000
000000
000001
100000
000110
100011
000000
000000
001000
000010
000000
000000
000000
000000
100000
000001
000010
000100
000010
000000
110000
010000
001010
010000
000000
000000
000000
000000
010000
100110
000100
000000
000000
100010
001000
100010
100000
110101
000011
000000
010010
001000
010000
011000
011000
000000
100000
000000
010100
010000
000000
000000
000000
010010
001000
010000
000100
010000
101000
000010
000001
000100
101000
000000
010000
000000
000100
001000
011000
000000
000000
000000
010000
010000
000000
000010
000000
001000
000100
000010
000001
010001
000000
000100
000000
000000
000000
000000
000010
000000
000100
101001
000000
010000
100000
100000
000001
100000
000001
001100
001001
000000
000000
000001
001000
010000
010000
010000
000001
000000
010000
000100
010000
000000
000000
000000
000110
000000
010100
000000
010000
000100
000000
000000
000000
000000
100000
000000
000000
100100
110100
000000
000000
001000
000000
100000
000000
000000
000001
000000
000011
010000
000010
000000
100000
100000
000000
000001
000001
010100
000000
000100
000000
000000
010000
001001
100000
000000
000000
010000
000001
010000
000000
000000
000000
100100
001010
000001
001011
100001
000000
011000
000101
000100
000110
000000
001000
000000
000100
010000
000000
000010
011100
001000
000000
000010
000000
000000
000010
001000
001000
000000
000100
000000
000000
100000
010000
000010
000100
000101
100000
000001
001000
010001
000100
000000
000000
000000
000000
000000
000000
100000
000100
000000
001000
000001
010000
001000
010110
001110
010010
001100
000000
000100
001100
010000
000000
000000
100010
000000
000000
000110
001010
000000
000000
100011
000001
000000
000000
101001
000000
011001
100000
000000
000010
100000
000000
010010
000000
000001
000100
010110
101000
000000
000001
001011
001100
100010
000000
000001
010010
000100
000100
000100
000100
000001
000000
000000
000010
000000
000011
001010
000000
001000
000001
000010
111000
000000
000000
010000
000000
100100
000000
001010
000000
010000
000000
000011
101000
000110
010000
101000
000010
100000
000000
000000
000001
000000
000001
000000
100000
000000
000000
000000
001000
000001
001010
000000
100000
000000
010000
000000
100000
001000
000001
001000
001100
000000
000010
100000
000100
000000
010000
000001
000000
010001
101010
000001
001000
110001
001000
010010
100010
000010
001010
000000
000100
000000
000110
010000
010000
000000
000001
110000
000001
101000
000000
000100
000000
001000
000100
000000
010000
100110
100010
000010
000001
001000
000000
000000
001000
000000
000000
000000
101000
000000
101000
000000
000000
010010
100100
000000
100100
000000
000000
000000
000001
000001
100000
000000
001000
000000
000100
000000
000000
001000
000000
000100
100110
010000
010000
000000
000001
000100
000000
000001
001000
010000
000100
000001
000000
100000
000100
000010
000000
001001
001000
001010
000000
000000
000001
000000
000110
000000
110010
000100
000000
000010
001100
000010
100100
011000
010100
000100
100000
001000
000000
000001
100000
000000
000101
000000
100100
000000
100000
001001
001000
000000
000000
010000
000000
000000
000000
100000
001010
000000
000010
000001
010100
000000
000010
000000
000001
101010
000000
110001
000000
100000
000011
000000
001000
000000
101000
000100
000000
000100
000001
000010
100000
000000
000000
100000
000000
100000
010000
000010
000000
000000
011000
010100
000010
000000
100000
000010
000000
000010
000000
000001
010000
000000
000001
000000
001000
000000
000001
000000
000100
111000
000001
011000
000000
000010
011000
010001
000101
001000
100000
010010
000010
000000
010000
000000
000100
000000
000010
000000
000001
000001
000000
010110
100000
000000
000000
000010
000000
001000
000100
101001
000000
000000
000000
100000
000001
010000
000010
000000
000000
000000
000010
010100
010000
000000
100001
000101
000000
010001
010000
010100
110001
000110
000000
000101
000000
000100
001001
010000
000000
001000
000000
000000
000000
010010
000001
000000
010010
001100
000000
000000
001000
001000
000000
000000
000000
000100
000000
000000
000000
000100
000000
000101
100000
000000
000000
000000
010000
000010
101000
100000
000000
000001
010100
000000
000000
001000
010101
000000
000000
000001
110100
000000
000000
000010
000000
000010
000000
010000
000000
010000
000100
100000
100000
000100
100101
000000
000000
000100
001000
000000
000100
000000
001000
000000
000000
000010
110001
000000
000000
100000
001001
000000
000000
001010
100101
000000
000000
000010
010000
000000
001000
001010
001010
001000
000000
000000
000001
001000
100100
001010
101000
001000
000000
010001