000000
101001
100000
000010
000100
000000
000000
001000
000000
100010
001000
001000
000000
000000
000000
000000
100000
001000
001000
010000
000000
000000
001000
100000
000000
100000
000000
000000
000000
000000
110010
000000
000000
000100
000000
000000
100000
100100
000000
010001
010001
000000
101001
000000
000100
000011
000000
001100
001000
010000
000000
001000
000000
100000
000000
000001
000000
000000
000010
001001
010101
000000
101000
100000
000100
000000
000000
001000
110000
000000
010000
101000
000000
100000
000000
000100
010000
000010
100011
000000
010000
000010
000000
001100
000000
000010
000000
100000
000000
000100
000100
000000
000000
000001
110000
000000
000000
100000
100001
000000
100100
000000
100000
000000
010010
000000
000000
101000
000000
000100
000100
100000
010000
000000
000000
000000
000000
000011
000010
001010
010010
000000
000100
000100
000000
000000
000000
000010
000100
000011
100101
000000
000000
000010
000000
000000
000010
111000
000000
010000
000000
101001
000110
000000
000000
100000
000000
000001
000000
000000
001000
000000
000001
000100
000001
000000
000000
000000
000010
100100
100010
000000
000000
000000
000000
001000
000000
000000
100010
000000
000100
101001
001000
000000
000010
001000
000000
000001
000000
000000
110101
010010
001000
000100
111110
010001
011010
000000
000000
101000
100001
001000
000000
000100
100000
000000
010011
000001
000000
000000
010000
010000
000000
001000
000000
001000
010100
000000
001000
000100
100100
100000
010010
001000
011100
000000
000010
001000
000001
100010
110000
000000
010000
000000
000001
000000
000000
010000
010000
000000
100000
010000
001100
010101
000010
010000
000101
000000
001000
000010
100011
000000
000000
000000
000001
000000
010000
000100
000000
000000
000000
100000
000000
100001
000000
100000
001001
000001
000000
000100
010000
010000
000000
000000
000000
000000
000101
100100
000000
000000
000000
100000
000001
000000
000001
010010
001000
101000
000010
011100
000000
001100
010100
000100
000000
000000
001000
001000
001000
101000
000000
010000
000010
001000
000000
011100
000010
100010
000000
000001
110100
000010
000000
000000
000000
000000
000000
000000
000000
000000
010000
100000
000000
010010
100011
000100
000000
000000
100010
000100
000000
000100
001001
011000
001000
000010
000100
001001
111000
010100
000100
000100
000000
000000
000000
000000
101000
000000
000000
000010
010010
000001
110000
000000
100010
000010
001010
001000
100000
001000
000000
000010
000010
000000
000000
000000
000000
000000
000000
000100
001000
010000
000000
000000
000001
011000
010000
000100
010010
001001
001000
000001
001000
001000
010110
000100
000100
111010
000000
000001
000000
000000
000001
000000
000000
001000
000000
100000
000000
100010
001000
000000
000000
001000
110000
011000
000001
110001
000101
010000
010001
000010
010000
100001
101100
000000
000000
010001
010010
101000
010001
000000
000000
000000
110000
010110
000010
001000
000000
000110
010000
000000
000000
001000
100110
010000
000010
000000
000010
000000
010000
100000
100010
000000
100100
000100
011001
000000
001000
000000
000000
000000
000100
001100
000010
000000
000100
100100
000101
000000
000000
000001
010001
101000
000100
000000
000010
000001
000000
000000
110000
000000
100011
000000
000000
000110
000001
000000
010001
000000
001010
000000
000000
000000
100000
011000
000100
000011
000000
000000
000000
000100
000100
001000
010011
000000
001000
001000
000000
100000
000001
000000
010000
000100
000000
000000
101000
000000
010001
000100
001011
001000
001000
000010
100100
100000
100100
001010
000100
000000
000010
000000
000000
000000
000100
101001
000010
001000
000000
000010
001000
000000
000001
010000
000100
000000
000000
000000
100000
000100
001000
000110
000001
100000
000001
001000
000000
000000
000000
100000
000000
000010
000000
010000
001000
000000
000000
001000
000001
000010
000010
010000
010000
111000
110010
001010
000000
000000
001000
000001
010010
010000
000000
000000
000000
000000
000000
000100
000000
000010
000000
000010
010001
000010
000000
000100
000000
000000
010001
000000
000000
000000
000100
000000
000001
000000
000010
001001
011000
010100
000010
010000
000001
100100
001000
000000
011000
000000
100000
010000
001000
000000
100000
010001
000000
000011
100010
000000
001000
010000
000000
010000
000001
010000
000000
000100
000000
000000
001001
001000
000000
000000
000100
100010
000000
001000
000011
010000
000000
000000
000100
000000
010001
010000
000001
000000
000000
011100
100010
000010
001010
000000
000000
001000
001101
000000
000000
000010
100000
100010
010110
010000
000000
100000
000000
010000
010001
000000
000000
010100
000001
000000
000000
100110
100000
011001
000000
001000
100000
010000
000000
000000
000000
000100
000000
000000
000000
010100
000000
000001
000000
000000
000010
000100
000000
000001
000101
000010
100000
010000
000000
000010
001010
100000
000001
000000
000000
000000
000000
000000
001000
001001
000010
000001
001001
000000
000000
000001
000000
000000
000010
000010
000000
000001
010001
100100
100000
110000
001000
000000
000000
000000
001010
010100
101010
010000
000000
000010
000000
000100
000000
000000
100001
000000
010000
010000
000010
100001
101100
000000
000000
000010
101000
100000
100000
000001
000011
000000
000000
001000
000000
100000
001000
100000
000000
010000
000000
000000
000000
001001
001000
000000
000000
000100
000000
000001
000010
000000
000000
000101
000000
000000
000000
001100
000000
010000
010000
000100
001000
000000
000000
010100
000100
000000
000000
000000
000000
000010
000000
000000
000001
010000
000000
010010
000000
000000
000010
110000
010000
000000
100000
000000
000000
000001
000001
011100
000000
000000
000000
101000
000100
000000
000000
110000
010000
000100
000000
000000
000111
000000
000100
000000
010001
011101
000000
000000
010000
100000
110010
000000
000100
100000
010000
100000
000000
000000
010000
100000
000000
000110
000000
001100
010010
010100
000011
000010
000000
000000
000000
010000
000001
000000
000000
010000
000100
000000
000000
000001
001000
000000
000100
000000
100000
000010
011010
010000
010000
001001
001100
100010
000001
010000
000000
000000
001000
100000
000000
000100
110000
000000
100000
100000
010000
000001
000000
000000
000000
000001
000100
000001
000000
000000
000100
000000
000101
000010
000000
100011
000010
000000
000000
010000
000000
001010
000000
001100
101001
010000
100000
001001
000000
001000
010100
000010
100000
010000
000010
010001
100000
000000
000101
001000
000011
000000
000000
100001
000000
100100
010010
110100
011000
010100
000000
100000
000000
000000
001000
000000
000000
010000
000001
100100
001000
000000
110000
100101
000000
001000
000000
000100
100001
011100
000001
000000
001001
001001
000100
001000
000000
001000
010000
001001
110010
100000
010000
000001
000000
011000
000010
000010
000000
010011
000001
000000
000000
000010
000000
100000
100000
100100
000010
001001
000100
100000
000100
001000
000010
000001
000000
000010
001000
000000
000000
001000
010000
000001
010000
000000
000000
100111