000010
000000
000010
000110
000000
000010
000000
000100
100010
000000
010000
000000
010100
000000
000000
000000
000001
000000
000011
001100
000000
011000
000000
000000
100000
000000
100000
000000
000000
000001
000000
000000
000000
100111
010011
000010
000000
000001
000000
010010
001000
000000
100000
000001
000000
100100
000000
000100
000010
000000
000010
000110
000000
010010
000000
110010
000001
110101
001000
100000
100010
000010
000000
000000
000000
000000
000000
000010
010000
100100
000000
101000
000000
100010
000000
000000
110000
000000
000100
000000
000001
000000
000001
001000
000000
010000
000000
000000
001000
001000
000000
000000
000000
000010
000000
000000
000010
000000
000000
000000
000000
000010
000000
000100
000000
001110
100000
000001
000000
000000
010010
001101
000001
000001
100000
000000
100101
010000
000000
010010
000000
000010
001000
000000
000000
010000
000100
000000
001101
000000
000100
000000
001000
010000
000000
000000
000000
000100
100000
000010
000000
000100
100010
001000
000000
000010
010000
010100
000000
101010
001101
000000
000000
010010
000000
001000
000100
000000
010000
000000
000000
011011
000000
000000
000000
000000
100001
001000
000000
011001
010011
100000
000101
000000
000000
000101
001000
010001
000000
000000
000000
010000
000011
000100
001010
000010
100100
010010
000000
000010
000000
000000
000000
000011
010000
001000
011011
010000
000000
101000
001000
000100
000001
000000
000000
000000
000000
000000
000000
001001
011010
000000
000010
000100
001000
000000
000000
000010
000100
101000
000011
010010
000000
010000
100000
000001
000000
000100
000000
001100
000000
001000
000000
000000
000000
001001
000000
001010
010000
000000
000000
100010
000000
010001
000000
100000
100000
000010
000010
000010
000010
010000
000000
000000
010000
010010
000000
001000
000010
000010
000000
000010
000000
001000
010000
000000
000000
000000
000100
001000
110000
000100
000000
000100
101001
011000
000000
100001
100000
000000
000000
000000
000101
000000
111000
001000
000100
000000
000001
000110
000100
100000
000000
000101
001011
000000
001100
000000
001000
000000
000001
000011
010000
001000
000000
000000
010010
001000
000001
000000
001100
000000
001101
011010
001010
000010
000000
000100
010000
000000
000010
001000
010000
100000
001000
000000
000000
000100
000000
010000
100000
100000
000000
001000
000001
100100
010000
000000
000000
010001
000000
100000
000001
000000
000010
100100
100100
010000
100001
000010
000000
000000
100011
000000
000000
000000
101000
001001
001000
110001
010000
000000
110000
000000
100000
000010
000000
011000
000000
000000
100000
010000
000000
000100
000000
000101
000000
000001
100001
010000
000011
100000
000000
101100
000000
001000
000000
000000
000001
000001
100100
000000
001000
000001
000000
001000
000001
001000
100000
100001
001000
000010
000000
000010
100001
000000
010000
000000
011000
000001
100000
000001
000000
100000
000011
000100
100000
000001
100000
001000
000001
000010
010000
000100
010000
000000
100001
001000
001000
000000
000000
000000
001010
000001
000010
000101
010000
000000
001100
000000
000000
010000
001001
100001
001000
000000
000011
000000
000000
000000
010000
010100
100000
000000
000100
000000
000000
000000
000001
101001
000000
000000
000000
000010
010001
000000
000000
000000
100000
001000
100000
001100
010100
000100
000000
100000
001100
000100
010000
110000
000000
000010
100000
000100
000000
000000
100010
010000
001000
000000
000000
001100
000011
000000
100000
000100
100010
000000
010010
000000
000000
000100
110001
010000
100000
000010
000000
100100
000000
000001
001100
000000
000001
010111
001000
000010
000011
000000
000000
000000
001010
001110
100000
000010
000000
000000
100000
000000
000000
001000
000000
000000
010000
000000
001010
000000
000000
100000
000000
000000
000001
000000
000010
000000
010000
001000
000001
000000
110100
100000
100000
000000
000000
000010
000100
001000
000000
000000
000000
000000
010100
101100
010000
001000
000000
000000
110000
000010
000000
000000
000000
010001
000000
000010
000010
000000
000100
111000
010000
001000
000000
000000
101101
000001
001000
000000
000001
000000
100000
000000
000000
100000
000000
001000
000000
000000
000000
000000
000010
000001
001101
010000
000000
000000
000000
000000
100000
001000
000100
000000
000000
000010
000000
010100
000001
100110
101000
000000
000000
000000
000000
010100
010000
010010
001100
100000
010100
001100
001110
101000
000000
100001
010000
101010
000000
000011
010111
100000
000011
100100
100110
000000
000000
000000
010010
000000
000000
000100
000000
011001
000000
000000
010000
000000
100100
000100
000000
100000
000010
000001
000010
001000
101100
000000
000010
010110
000000
000000
000100
000000
000000
000010
000010
000001
011000
000000
000000
000000
000000
000000
100000
001000
000001
000100
000000
000010
000001
001100
000000
100100
000101
010000
100000
000000
010000
001000
000110
000010
000010
000001
001100
000000
000000
000001
000000
000000
110000
000001
000000
000000
000000
100000
000000
000001
010000
000000
000100
000000
000000
010000
000000
010010
000001
001010
101100
000001
010000
000010
000000
000000
010000
001001
000000
000000
010100
000000
100000
000010
001000
010000
000000
000100
100000
000000
000011
000000
000000
000000
000011
000000
001001
010000
000000
001000
000101
100000
001101
000110
000000
000010
000001
000000
000110
010101
000000
000010
001000
000001
000000
000000
000000
001000
000000
000000
000100
000000
000100
100000
000000
000000
000001
100010
001001
010000
100101
000100
000000
000000
010000
000000
100000
101010
001100
000000
100001
000000
001000
000101
100101
000000
000010
000000
000100
000000
011001
000000
000001
000000
001100
001010
000000
010000
101000
100000
000000
000000
100000
000000
000000
001000
000000
000000
000000
100000
000000
000000
000000
000010
000001
000000
000110
010100
000100
010000
000011
000000
000101
000000
110100
000100
000000
000000
011001
000000
000000
000010
000000
000000
000000
100000
001001
100000
000101
000100
000000
010100
110001
000000
000000
000011
010000
000000
000010
000000
010000
000100
000100
001001
000000
000000
000110
000100
000000
100001
000000
010000
000100
101001
011000
010000
000100
001000
000000
000000
010110
010000
000011
000000
100000
110000
001000
001000
100001
010100
000010
000000
001000
100001
110000
010000
000010
100000
001001
000000
000010
000001
000000
000000
000010
000000
100001
000001
000000
000000
000000
100000
000000
010000
010000
110000
000001
000010
000010
000100
001000
000010
000000
010000
000000
000010
000001
001001
100010
100000
001000
001001
000011
001001
000000
000000
000000
000010
000000
000000
010000
000011
000000
000001
000001
010000
000000
001001
000000
000000
000000
000110
000000
000000
111000
000000
000000
010000
001000
110001
000000
000000
100001
000010
000000
000111
011100
101000
100000
000100
000001
000000
010001
100000
000001
000001
010001
000000
000000
000000
000000
000011
010001
010000
000000
010000
000000
000000
100000
000010
000010
000100
000000
000000
000000
000000