001011
000011
000000
010001
000010
011010
000100
001011
000000
010111
000110
100011
001000
000100
110010
011001
100000
101001
000100
011000
101010
000000
100001
100101
100101
000000
000000
010000
110001
000001
100100
110000
001010
000010
000001
010010
010100
010110
000001
000100
110001
011001
100010
010000
010100
000100
000001
010000
100011
000100
000001
100001
000000
000000
000000
110010
000000
001011
101001
000011
001101
000010
100100
011000
001011
010000
000100
001100
100010
011000
011100
010000
011000
000000
000000
000011
100000
101001
001010
010100
000001
001101
101001
100100
000110
011100
000111
001010
100000
011010
101101
000010
000010
001110
001100
000000
000000
001000
110011
010001
000010
010001
010101
000010
001110
010011
010010
010000
010100
000000
101101
000001
000111
100001
110000
001100
100001
100001
110000
001000
000111
011100
100111
100100
101110
000000
000010
101011
010000
010001
100100
100100
000100
100000
110100
001001
100000
000001
000100
010011
001010
010001
001000
001010
001100
000010
001110
101001
000001
000100
100000
000001
100101
100000
110100
000100
000011
001111
001100
011101
000000
001100
000111
111001
001000
100101
010011
001100
001010
010000
111101
000000
101001
000100
000010
001010
100101
100100
101110
011000
001010
010010
000010
011101
011100
010001
000000
001001
011100
011011
000001
001000
000000
111100
100000
000001
000000
000010
100001
100001
110000
110111
000010
011100
000001
111100
101010
100000
101111
110100
100000
100101
100100
100100
000001
001100
000000
100000
000001
010100
001010
111001
110110
100110
001100
110111
010001
110100
001000
000110
110111
001100
101101
010101
100000
000100
000001
111110
110001
000000
000001
010100
010001
001101
010010
110110
001000
000110
000100
000010
000000
000111
011000
000001
100101
001100
000100
111000
001000
010011
000010
101101
010011
101000
000011
011000
000010
010011
110001
011000
101011
001000
100001
010110
000000
100101
000111
101000
001000
101011
110010
100001
110000
000000
010001
100010
101000
000110
000000
111111
010111
001010
000000
000011
010010
110000
000100
001100
000000
000100
101010
010010
110101
010000
000001
100000
010100
011000
110000
000010
111101
101010
010011
100101
001000
000010
100000
000010
000000
110001
011010
110001
010000
010011
001110
010000
000001
001000
110000
010011
000000
001010
001101
000000
111000
000110
100011
011000
100101
110010
100101
000100
001001
101101
000111
100110
100101
010011
100110
111010
000111
100010
100011
011010
011010
001110
000110
000001
011001
010011
100011
100001
101000
101010
110100
110010
100011
000011
000000
101100
100000
001000
001100
110011
100000
001000
001100
001110
011100
100001
010111
100100
001100
011000
001001
100010
000011
010000
001000
000100
001100
100110
011001
100001
101000
000000
001000
100011
001101
110100
010100
010100
000111
000000
010001
000000
000101
100100
100101
001000
000011
000110
111001
100101
100001
011000
110110
011001
001100
101001
010011
100000
110100
101010
000100
000000
001111
000000
011001
000001
101010
100101
001011
000100
011111
000001
000000
000111
101110
000010
010101
101000
010000
000101
000010
011011
100001
111110
101100
101011
000000
001100
001101
011000
011010
010010
011001
101001
100100
000110
000111
010001
010011
000000
111101
000000
010000
010000
010110
000001
010011
000001
100000
011000
111000
010000
110000
001011
011010
010111
010100
010100
000010
001010
101011
011001
000011
010001
000000
011100
000100
110000
100000
010000
111101
101001
001111
010000
000100
010000
001100
011010
000000
001001
100001
101111
110000
110000
010100
110001
001110
010000
000010
000011
010101
010101
000111
000001
100001
000000
010101
000001
010101
100011
010011
101001
000000
110000
101100
010000
110010
101100
000000
000000
010000
000010
100001
001100
000101
000000
000010
101010
000110
001000
000011
000100
110101
000000
111000
010010
010110
010100
010011
100101
100000
001100
000110
010110
001010
100101
000100
101010
100110
110001
100011
000000
101000
000111
010001
000010
010010
000100
010011
001011
010001
000000
101011
111001
111000
010011
001101
011101
000101
010000
001100
001000
000011
101000
001100
000010
000000
010100
100011
011001
101001
010000
011100
100111
000000
000010
001110
101010
011010
000101
000100
110100
011001
010100
010100
111011
100010
110001
000101
010000
001100
010010
010000
100010
111000
100000
001011
000010
000011
101010
010111
100000
100110
000111
000000
010110
000101
011100
001100
100000
000101
101110
000010
000010
000000
100110
101010
001101
000000
011110
010110
100000
111010
010000
000011
001000
010110
100010
000000
000001
001010
100010
011110
000100
001001
010000
101100
001000
111010
010100
000111
011001
100000
000010
110101
100010
110110
110110
100000
001000
010001
100010
011010
101110
100001
000000
000000
101010
001110
000011
010010
010100
000101
000010
000100
110101
010000
001000
100010
100101
000001
101001
000010
101000
110000
100110
011010
100010
101001
000000
010100
000011
000101
101000
001000
000101
010001
111000
101010
000110
000100
000110
001000
010010
100111
111111
000100
001001
000000
100111
000011
010100
100000
100011
000100
101000
010111
000101
000100
000100
010100
111100
000000
001000
100001
000100
011100
000011
101110
001001
111001
100110
100000
111011
001101
010101
000100
010000
001001
000010
101010
100100
001010
001111
000000
001100
010000
010100
000010
001001
000100
111000
010000
011001
000010
101110
101101
101011
000001
001001
100100
001100
110100
010111
000000
110110
000000
100100
001011
000001
000010
001110
001110
100010
011001
110100
010101
001000
111011
000001
110110
010010
000101
000001
011100
001011
000101
000000
100000
000100
010111
010001
100101
001000
100111
101110
000000
100000
000011
010001
110110
000000
110101
101000
001100
111011
000011
010010
000000
010101
110011
000100
000000
100010
000000
101100
100110
000101
000000
010001
010100
001000
001011
000110
000110
011110
111100
110000
001100
010000
110000
010101
000100
000000
100010
100000
011010
001011
100100
001011
010000
001001
011000
000101
000100
100010
000101
111000
010000
000001
010011
001001
011000
010000
010100
000111
010011
100000
000000
011011
011010
000111
100100
101011
101101
111010
000000
011100
101010
010000
011101
010100
101000
001001
111001
010110
110000
010001
100001
001000
010010
010101
110111
000000
111000
000010
101101
110110
000000
000000
010000
011001
010011
101010
100100
010001
000000
000011
100010
000010
000000
001001
001000
001100
111001
001001
111101
000001
001001
000000
110000
000010
101110
000100
000001
100011
111111
011010
010011
100101
100110
000011
101001
100001
010000
000100
101000
101110
101001
011000
001010
000011
000001
010100
100100
000100
000100
100000
110010
011000
111111
000101
000001
010001
000010
000011
010001
000100
001100
011101
100010
000000
001000
010110
011100
000101
000001
000001
011000
100000
100001
101100
000110
000011
000010
100100
000001
010011
100001
001000
000000
001101
110110
101001
110001
000010
010100
001000
001000
111100
100000
101010
100100
110100
000100
111001