001000
111000
101100
000100
011101
100001
100110
101100
000100
000000
100000
010010
001010
000000
001110
000011
000011
101011
100010
001010
100001
001100
001110
101000
001010
110100
001101
001010
000101
100011
000111
110010
101000
010110
100010
000000
000011
001001
010100
101001
110000
100100
100010
001000
001000
101000
011101
001010
110000
110010
011101
100101
111110
010001
000110
000100
001000
101100
010001
011001
010100
101000
000011
110100
011000
100010
000100
111101
000001
000000
100000
001101
010001
000110
100000
011111
000111
100000
000100
100010
100000
001001
001111
001100
001000
010100
100001
000010
000111
010010
001101
000111
000001
011001
100000
010100
110000
000000
100011
010100
100100
001100
010110
110010
000100
101100
100110
100000
110101
000100
100001
000110
000100
111110
100110
110000
001001
110000
111000
001000
100010
001110
111110
101001
110001
000110
001000
001110
011010
010001
000000
000010
000001
100001
101010
100001
001100
001100
001000
111110
001010
110101
000011
110000
100000
101000
011000
001001
101000
011000
100101
000010
001110
101000
110100
000001
001010
010001
101000
010011
010100
101100
000000
000000
110000
010111
001011
100001
100101
100000
001010
100011
110001
000010
010111
010110
001000
011000
011000
000000
100011
010000
011010
000001
000010
000010
101000
110000
000011
110101
011000
000011
000010
101000
010100
000110
000011
100001
000000
010000
001000
110011
110010
001101
101010
000000
001010
101001
101110
000000
110111
000001
101001
000000
100101
100001
100000
010100
100110
010110
010011
000011
001100
101110
000001
000001
000010
100000
110100
000110
000000
000100
101000
100010
011110
011101
001001
001110
111001
101000
010100
000011
001100
001001
100000
000111
000101
101000
000000
010000
100111
010110
000101
011100
100000
010000
011101
100110
010001
001001
010011
101110
000001
100001
000011
101100
100001
100100
110000
010110
000100
011000
100110
101010
011001
000010
010110
000010
110000
001100
010000
100101
010000
111000
010000
000000
110100
101000
011000
101100
011000
110011
000101
111011
001000
000101
010001
000000
100000
011000
101010
100100
100000
011010
000000
010011
110010
000010
110110
011010
001000
001000
100011
000101
010001
110001
100001
010000
000011
001000
010010
110011
000000
000110
000010
010010
001111
000100
000000
110101
000110
000010
000000
110010
000100
000010
110000
010000
100110
110111
001010
100100
000110
010010
001000
000001
110110
001000
001100
000001
010010
000111
000011
001011
100011
010100
111000
011001
100111
111000
111101
110001
010100
100111
010110
010110
000101
110001
100110
001001
100000
010110
100000
100000
110100
010100
101110
001000
010010
001000
000111
100000
100110
011001
100011
000000
000111
100010
001100
000100
010100
101100
001001
000010
101111
100000
111100
101110
000000
100000
010110
000110
001100
000000
001000
000001
001111
000001
000011
010100
001001
001010
010100
011010
100000
110001
000111
000110
011100
100000
000110
100001
000101
010000
011001
110011
000011
000010
000000
010011
000111
100100
110000
011011
000000
000011
011110
101010
000000
000001
001100
111010
001001
111001
100001
100000
000010
001100
000101
000010
100010
110000
100101
000001
100101
000010
001010
000000
000100
001000
000001
000000
000010
110010
010010
001111
000001
100000
100000
000000
111100
100000
001111
100000
000010
010000
010101
010000
001000
001100
100100
010010
010011
000100
011000
011010
001110
011100
010000
000000
001010
010010
010000
101111
010110
010010
101100
000101
100101
001000
010001
000011
011010
111101
101100
100001
100110
000000
010000
000011
101000
000010
110100
010100
001010
010100
100110
100000
010011
010111
000000
100101
010000
000011
010000
110100
100101
110010
000000
010001
011110
100000
000110
000101
000001
000100
101000
001000
001010
001010
010000
010000
000000
110000
110111
010000
010000
001101
000110
100001
100010
010110
110101
110000
000011
010000
001001
000000
000111
010001
100011
000101
000011
000001
100010
010010
000010
101000
111001
000000
100110
000001
111000
011010
000100
100010
010010
110000
100000
100010
000001
000101
101000
001100
001001
000100
000000
101011
100011
011001
010000
110010
000101
001000
110100
110000
101100
110001
100100
000100
000010
001000
000010
011000
100000
110101
001000
001000
111000
010111
011000
001000
000000
001001
100010
000100
010011
000000
001000
110000
000010
110110
000011
000001
100000
000011
010010
101011
001001
100111
100000
000100
010111
000111
100101
000011
010001
111011
111000
100001
010000
010011
100010
000000
010000
100110
011000
000000
000000
010000
000000
000010
011000
010100
010001
111000
100101
101011
000100
010000
000010
001101
000001
001011
000001
101000
010111
100101
101100
001001
001010
100001
110101
001000
101100
000101
011101
001000
000001
111011
010101
010000
011111
010100
101010
110001
100011
110000
000011
000000
000111
001110
000101
010000
001010
001000
110111
111110
000000
001011
000001
110000
000011
111100
100100
100001
000111
011001
000001
110111
100110
000010
111010
011101
010000
100000
000000
001010
000100
100011
010001
101110
100100
001000
110010
100101
111100
110011
000000
111000
011001
010000
100110
010010
000001
000010
010101
000000
010000
001100
110000
001100
001000
101000
000000
001001
001110
010000
000010
011011
100001
011000
100001
000101
010011
010101
110100
001000
001001
011111
010010
000000
110000
000110
000010
010000
011110
010000
100010
000001
010000
000011
100000
000010
100010
000000
100010
110100
000001
010111
010010
000000
000001
101001
000100
100000
110110
100011
011001
111011
111110
001001
010001
000000
000000
010000
100001
000010
110101
101000
000010
110100
000011
010011
100100
001100
100111
110100
100011
000010
001010
010010
100000
011000
001010
001100
000000
000011
000001
010000
000011
101000
100110
010000
001100
011100
110000
000010
111100
001011
100110
000000
001000
000110
100110
011000
000010
000100
101000
110001
001110
000000
101110
101000
000000
000100
000000
000010
010111
110000
111000
111010
000010
100000
010100
011100
001101
000001
101110
000110
001000
100010
000100
001011
000001
100000
010010
001100
000010
000001
010001
111100
001001
000010
010010
101100
001100
100001
111001
001001
001100
001010
000000
000000
010010
000001
000000
110100
000001
101000
001101
000101
110110
100011
101001
000111
001001
111100
001101
100011
001110
100100
011101
100011
000101
010000
011101
001000
011010
000100
001001
000000
100000
011111
000000
011110
001000
100100
011000
010101
010001
101110
010000
000110
011000
110000
100000
100010
100110
111000
000000
000100
000011
101000
010010
010000
000000
000110
101000
100000
010000
000000
010000
101000
100100
100111
000010
010000
000110
011010
011001
000011
000010
100100
010000
010000
100000
000000
000000
000100
100010
101000
001100
101010
000000
011000
010100
101010
100000
110100
100110
000100
110010
000101
101110
000010
011010
100000
000110
111010
000001
011110
010000
011000
001100
100100
000000
000110
001010
010010
001001
010011
010101
111000
110000
100100
000100
100101
000010
001000