111000
110010
011000
110001
100000
000011
000001
000000
010000
001010
001000
100110
010000
001000
011001
110000
110010
000000
010011
100101
001001
010011
110001
111001
001000
111100
001100
010100
010010
100010
101000
100000
010010
111100
011110
000000
000101
011010
000000
000000
000010
100111
010010
100001
010000
010011
100011
001010
110101
110010
010101
000000
000010
001011
110010
100001
000001
010000
000010
101100
000000
001101
011000
000001
100001
011001
011111
001001
110011
000000
000000
101110
010101
000000
110110
001100
111100
000111
011000
000011
010101
110010
000110
000000
010101
000000
010100
001001
110000
100010
000101
100100
000000
000000
001011
000001
111110
001000
000111
000010
010010
100100
101010
010111
010010
110101
001011
101010
110011
111100
000001
011000
100100
000010
110011
000100
010011
000001
100100
001110
100001
101000
001001
001010
001000
001111
110110
001101
100010
001010
101100
001010
000010
011101
110001
001010
100000
001001
010100
100000
000111
011010
010010
000110
011011
000001
101000
110101
101001
000010
000000
000001
001000
011000
000000
001010
001101
000010
000000
001100
001011
000010
010000
000010
010010
001001
110001
001001
010000
000000
001011
101001
001101
110000
010000
000010
100011
111110
100001
001001
000001
001000
011001
000110
100110
000110
000010
110010
100110
001000
010100
101101
001100
010000
000011
010000
000010
000000
000100
111110
000010
001000
000100
100001
001001
100101
011000
001000
000001
100000
100011
001100
111010
000100
110010
100110
010100
000111
000010
011101
000110
000000
101010
100000
110111
010011
000011
100010
100000
010000
100110
001110
000100
011011
100010
100100
111011
100010
111001
000000
000110
011000
101101
000000
000110
100111
101101
010000
101011
010000
000010
100011
101010
100000
000000
001101
000000
100010
101010
110010
010110
110111
000011
000010
000000
001000
000001
111000
000111
100011
100000
010000
111100
011010
101110
001110
110001
010001
010010
000000
000110
000100
101001
100000
001111
100000
111000
100010
111011
001101
011001
001011
010100
010111
000101
011000
010110
010011
000010
000101
000100
000010
000100
100100
100000
111011
111000
001001
011000
110101
001110
000000
010100
000010
011010
000000
010010
011010
011000
001000
011010
010000
100001
010001
001010
001001
101100
110000
010000
000000
100000
000000
111111
000100
101011
010011
000100
000001
010101
001001
011111
000100
000010
010001
010100
111000
000100
001001
100001
101100
100101
000010
100110
100001
000011
000001
011011
000000
000010
111010
011101
000000
000010
000100
000011
000100
100100
111001
000001
000000
111000
100011
010000
000010
000000
010110
110000
101101
100000
100011
000100
000010
101111
110000
100111
011000
000111
001100
000000
000011
010110
000000
001100
000101
100000
110000
011010
001010
100010
110010
110000
011110
000000
010100
000101
001010
011000
101100
001000
110110
000110
100100
101000
110110
010000
100000
111010
100000
000000
001000
010011
001011
100000
000000
011000
000010
011001
101011
001100
001000
110011
001000
100000
111101
001100
011000
110100
000000
000010
001100
111100
100011
011010
000101
010000
100010
011010
100101
000100
110011
110111
000110
100000
001000
010000
110000
111000
110110
010011
011001
010000
011000
010010
100010
000010
001001
010011
001110
101000
000010
111000
101001
100001
100100
011100
101011
110001
000010
100100
010100
000000
000001
001110
010010
010000
110000
000110
000010
001101
100110
010001
000101
000110
000000
000001
000100
000010
000010
011001
100000
100000
000111
110100
000010
011010
001110
010101
000000
100010
100110
000110
010000
011100
100111
011110
010011
000000
101000
011111
011010
011010
100001
001011
001100
111000
001111
001001
011110
001100
010000
000001
100100
001000
010010
000010
000100
000000
111110
110001
001000
011101
001000
101000
101000
000000
011001
110001
010001
000100
000110
000001
000000
000001
000111
100000
001101
111110
011000
001110
100100
000001
000101
010100
010010
000000
100010
000100
011111
010000
001000
000000
110000
001111
000111
010001
001001
011000
101001
101001
110100
000000
001000
000000
100001
100100
001011
100100
010000
010110
000100
101110
000000
101011
000001
100010
010111
000100
000001
111010
100100
100000
100000
100100
001010
000001
000010
101000
100000
000100
001100
010011
110101
110110
001000
110101
100001
001000
011001
100011
111000
100001
001000
101111
000001
001100
011000
100110
000111
110000
100001
010100
000010
000000
110110
101101
110001
011100
010111
010010
101110
000010
100011
000000
100000
101010
000001
101011
010000
000000
000001
000010
001000
010111
000101
100101
010110
000100
001001
001000
111000
010000
101001
100000
100001
000010
000100
000101
001001
001000
101000
001000
110001
110000
000000
010000
000101
010011
100001
000001
001111
000010
111011
001001
000010
011011
000010
011000
110100
010000
001110
001000
101000
100111
000101
000001
010000
000000
001010
010000
100000
101101
010010
000110
010011
001001
110001
101000
100101
000010
011000
110111
010101
111101
001010
101000
010001
001001
110011
000000
000101
110111
000100
000011
000000
100101
110110
000100
000000
000011
110001
000001
101100
001001
110100
001010
110101
100101
000010
011100
101100
001001
001100
100001
011011
100001
010100
101100
000100
001000
000100
000001
011011
000010
010101
100001
011001
000000
011100
101000
010010
011101
011100
000110
000110
100111
001000
110101
101011
010110
110101
101100
000010
000000
010100
110010
001011
010101
011011
000001
011000
001010
100100
000100
000001
000101
000001
001100
000111
010001
010000
101010
000011
010101
100110
001000
000000
111110
001000
000010
001001
000010
010101
000000
100111
000000
100001
000110
101010
010100
100100
000100
000000
111000
111000
011101
010000
000000
001100
001000
001101
111000
000000
001010
111100
101101
001000
100001
100010
100100
110000
111000
000000
000010
000100
001011
100000
001010
011000
001001
000011
010100
000010
101100
100110
100010
011110
110100
011100
000010
000000
101001
010011
100110
010100
101110
101011
000000
000010
101100
100010
000000
001001
111000
000011
011001
010101
011100
010000
010000
110011
110000
100000
100100
000110
010100
001000
010000
001000
100110
011011
001001
011010
011110
110100
000000
100011
011011
010010
000010
000000
000001
001001
110000
001010
001100
011000
010101
101100
110000
001101
010100
100001
100000
101010
100000
110000
110010
101000
001001
010001
000000
000001
011111
111101
011100
010000
010110
101010
001000
001010
000010
001000
011110
000011
000100
001110
101001
100010
000010
111000
110010
001000
110010
011000
111110
000010
011000
110111
111000
000011
000000
111111
110100
100001
000001
101001
000100
010000
111000
110100
011100
000001
000001
010001
100001
001011
011100
000000
000010
000011
000100
110010
101000
110110
100101
100000
100011
011100
011100
000000
011000
000000
001000
000101
110010
000001
110101
001000
000101
001100
000010
000010
101111
110000
010010
100000
111011
100011
100101
010000
101100
000010
000000
001000
011100
100000
111011
100100
010100
000110