011000
100100
100011
010110
010110
100110
001000
010111
110100
000100
000111
010001
000010
101100
001100
011011
010000
000100
001011
100100
100101
010000
010010
100000
001000
110101
111010
001000
010001
010010
100100
000011
010110
111111
100010
000010
101000
110101
001101
011100
000000
011100
100001
011000
110000
100100
100000
100010
110110
001010
100101
110101
010000
110111
010001
010000
000101
001110
010000
000100
111000
100100
000000
001100
100100
010001
000000
100000
010010
101011
100111
001001
000110
001111
010001
000010
000000
000011
100000
100100
101001
001010
100010
001000
010000
000000
010110
010101
000001
100001
000010
101001
011110
000100
010110
000000
000000
000011
111000
010111
010111
101111
100000
010000
010001
010000
001000
111001
111100
100110
001011
000010
001010
000001
010000
001000
000010
100100
000101
100001
001110
110100
000110
010001
000000
001001
001000
100010
110011
010100
000100
001100
000000
000110
000001
100110
000101
101100
010110
000100
110101
001010
001000
000100
000010
010011
101011
011010
000001
001100
011001
101001
000001
001100
000000
110000
000101
000110
001100
001011
011000
001101
101100
100000
001010
010000
011010
001010
001111
001011
000001
000011
010100
000000
010001
000110
000000
001001
000100
101100
000001
101000
011110
001101
011000
000000
100000
010000
110000
010101
101100
001100
100100
001000
010010
000000
000100
110110
100010
001000
000001
010011
000000
001000
100101
010000
100001
001011
000100
000000
100000
001101
001001
011010
101001
010000
000110
110010
001010
111000
110101
100001
000110
000100
111110
110000
001001
010111
000000
011100
001011
011100
001100
011010
000000
000100
110001
010010
111000
011011
011001
100101
000101
010000
110010
011001
000010
100001
110001
111001
100100
000001
000001
001001
100000
010000
000001
000110
110100
100000
000100
011010
100001
001111
000100
010011
010111
000001
110100
100100
000000
111000
111011
011100
001011
000100
100000
000101
000000
100010
000100
000010
000100
000011
111010
010010
010110
011010
000001
111000
010010
001101
110000
110100
110110
001010
011110
100011
101000
000100
010010
000010
011000
010000
010111
001101
100001
000100
110001
001110
001101
010110
001000
000010
001010
010100
110000
110010
001100
000010
000001
010110
101100
100100
100101
001000
010000
000001
000011
110010
101100
011001
101100
000000
000000
011110
010000
010001
000000
010100
011000
000100
001000
000110
000100
110001
000111
110011
111001
111000
011011
010001
010000
000000
000011
111100
100010
001001
100000
101100
111000
100100
011111
000010
100001
010100
011010
000000
100000
000011
001101
101110
000110
000010
001000
010011
010000
011011
100000
100001
110000
000011
011111
010000
000100
100000
010011
011100
000100
000010
000000
000000
001001
000101
010100
000100
100000
100001
111001
001010
000001
110010
010001
001100
111001
010011
101000
011100
110101
000110
010001
001010
111011
100100
011000
000011
011100
010000
000011
111101
000110
100000
001011
000001
100100
001000
001000
001000
110110
000110
100010
101010
010000
100000
010000
010001
010001
111100
000000
000000
111000
000000
111000
010000
010001
101000
100101
101001
010000
010010
110101
000010
100000
010010
001000
100101
101000
011000
001010
010100
110101
011100
001010
100000
101000
100001
101001
000001
101100
111000
000000
011100
001001
011010
100111
011011
000000
000100
000001
100001
001001
000000
111010
011001
000101
010111
000011
001001
011000
000011
101000
110010
111111
000001
101010
000101
000100
000000
001000
010000
010000
100101
010000
101100
010001
010110
001001
001110
000101
100000
000000
110010
010110
000010
010000
101001
000001
010011
001111
100001
000100
001010
000010
001011
000100
100010
000100
001001
000011
010100
000000
000110
010100
000010
100010
011011
000001
010100
000000
100000
010000
101100
001001
000110
001010
100001
011100
000010
000010
101001
011001
010111
000011
000000
010000
010001
000001
000010
100000
000010
100110
010100
010010
010000
110000
100001
011001
000100
000110
100000
100110
010001
010100
000001
101000
010000
101000
000100
010100
001000
010100
110000
111011
100001
100100
000100
111100
101110
011011
110101
100001
000001
000000
000000
001100
010110
110101
001011
100010
001110
000000
001001
000000
001100
001001
000100
110000
000000
110101
000001
110010
010001
111000
000110
000010
100001
010000
000110
000100
011001
000000
100111
011000
100111
110000
101010
000010
001101
101100
000011
001111
100000
100000
101010
001000
111010
001000
110000
000110
101010
011000
011001
010110
010001
000100
101110
000011
100100
111101
010010
000110
010000
100000
000000
100010
000000
010000
010000
100001
101000
111001
101101
100010
000001
001000
100110
011100
100101
010100
110000
000100
000010
000000
010010
100000
101001
100100
100001
100100
001110
101110
001001
000010
101101
000100
000111
000001
100001
011011
000000
010000
000001
101001
100000
010110
000001
000000
000010
000100
011000
000011
000000
110001
110001
010001
110010
010110
001000
000110
010010
010010
010010
011000
101100
010000
110100
000101
000010
000001
001011
001110
010101
000001
001001
010010
011000
110110
000101
000000
001000
111000
101010
011100
011100
101011
000110
000010
100001
001000
011001
010100
000001
110001
101100
101010
111001
110010
000010
111010
010000
000111
110001
101011
000000
000100
110100
100101
000001
110000
000000
110101
101000
100001
011011
010000
000110
100100
001100
010100
100010
000111
000100
000000
001000
000001
000001
000001
111010
010001
100110
011000
001110
010000
001010
000001
001001
010010
011001
001101
100001
110000
100000
001000
001000
100000
000011
010100
001011
010011
100011
001100
101011
000001
000100
010101
011010
000100
011110
001010
110000
100010
000001
010101
001000
001110
011010
100101
011000
000001
100000
100001
001010
000000
011010
100010
011110
100011
000101
000010
100101
010000
100010
100000
010110
010001
010001
000100
100111
000001
010000
001111
100010
000001
101000
000000
110000
101000
100000
000010
010000
100101
100000
101110
000000
000000
101010
111000
100001
011000
000001
011101
100000
000000
001000
100001
100000
100000
011010
000000
101011
000110
000001
101101
000000
001011
110110
010011
100100
000001
100010
110101
101100
000100
001111
000001
111000
000000
010000
010100
000000
000100
000100
011010
010101
100010
001010
010100
001100
100100
010000
010000
100110
111001
000000
000101
000111
010100
001101
110110
100000
110100
110110
000010
010000
010000
000001
011010
000001
000000
000000
000110
010101
101010
111101
110110
000110
011000
100100
001001
100011
001001
001010
000100
010000
001011
111100
001101
100001
110001
000110
110100
001100
100100
000100
000001
101001
010001
001010
001001
000001
010001
111111
110010
000101
101110
011101
111110
011010
010001
100100
000000
110110
011001
101100
001110
001000
010000
100001
000000
010001
000010
000010
010110
101010
011000
011001
010001
000000
010000
011001
000011
001110
001110
100110
010000
100100
001101
100000
101000
000100
011010
001000
011001
011001
000011
010100
011011
010011
010000
001011