000111
000011
000100
000011
011100
010101
010011
101101
001110
110000
001001
010100
001000
110000
100010
000001
001000
000001
010001
000001
001100
001001
101000
100110
111010
100001
000100
000100
001000
001001
001001
010011
100011
011001
110100
100101
010000
100011
011100
000000
001110
000011
100110
000000
100010
000100
001000
100100
000001
101010
010011
001000
100000
000000
100000
010001
100000
011000
110000
000001
010000
010111
000101
001110
000111
000100
000010
000000
101000
000100
000000
100011
110000
101000
001010
000010
010010
010000
111110
101101
010000
101010
001010
000010
100011
000111
011111
100011
010100
001001
010100
000001
001111
000010
110001
011010
010000
000010
110001
011100
010011
101000
000001
010100
000001
101001
000000
011100
001110
000000
101101
000110
100011
000100
011011
101000
011101
110110
001011
000001
010100
101100
011110
101000
001000
100000
000000
010000
010001
000110
110011
010000
110000
001000
100100
100001
001010
000000
010101
101001
001000
001100
011000
011000
001000
100100
100001
101000
000000
001000
011001
100100
000001
000111
100001
000000
110001
000001
110110
000001
010010
000101
000001
100010
000001
000011
011110
001000
001110
100110
110011
101110
001110
100000
000111
001100
100100
100010
110101
100000
101000
000001
000100
001100
010100
001000
111011
010110
100101
010100
100110
100000
101111
001010
101000
000000
010110
000011
110000
000100
010110
110000
110100
000111
001100
010010
011011
001000
001100
000001
001101
000000
101100
000011
001000
000100
001001
100100
000010
111000
010110
101010
111111
000000
100100
001111
000011
100011
001001
101111
011100
011000
011001
000100
100000
001000
001000
000111
100000
000011
101011
000101
110100
101001
011001
000000
110000
001010
000011
001100
110011
101010
000111
000011
000010
001010
001110
010100
001100
010000
010000
100001
101011
010001
011000
010100
000000
101001
010100
110010
100000
000011
101101
100000
000110
000100
101000
000000
010101
001000
101000
010010
000100
000110
110001
100000
001100
001000
010111
010000
110001
000110
000010
001001
100010
100100
101001
011001
100000
000111
110010
101000
000101
001100
010110
011001
000100
010000
100001
100010
001010
011100
110110
011011
100110
100100
000011
011100
001100
010010
100100
000110
100110
111011
100000
000100
010001
000010
000110
000001
101000
011110
011001
000110
010001
000001
001101
110010
010000
010011
000010
000000
000000
110101
011010
010111
010010
011100
000010
100000
100110
111000
000100
100001
001100
000100
000110
000000
111110
101000
000001
001000
011011
100000
101000
000000
001000
001110
000011
110100
001000
000000
000001
011001
001111
011100
001000
001110
010111
000110
110110
001000
001011
010001
101100
001000
000100
001000
000000
000000
101000
111000
000000
001010
010110
100001
111000
010100
000101
000100
100101
011000
110111
101000
000010
101000
110011
000100
011000
101010
000101
000111
010011
000000
000000
011000
110001
000100
110001
001101
010011
010010
000100
001000
110000
100000
010001
100000
000110
010000
010011
111100
101000
100010
101100
000101
001010
001000
001000
010001
110001
110101
000111
100101
000100
000001
011000
010111
001010
000000
000110
100010
010001
001000
110010
000101
001110
000101
010000
000101
000010
000111
011100
000100
001001
001000
010100
101001
010010
100001
000011
000001
000010
001100
001111
000010
001001
000000
101000
001001
001001
010011
011101
010000
100001
001111
010001
010001
010000
000011
000100
010010
111100
010010
101001
001001
001000
000001
010001
010001
010001
001100
001000
000000
100000
011000
001110
100100
100010
011111
010100
000010
010001
001010
000100
001111
010010
001000
000010
000100
101001
010010
011100
100110
010011
110101
100001
000000
011000
111000
010001
011101
111010
111000
111010
111100
001111
000010
101001
110111
000010
011010
010001
110000
011100
000000
101001
100001
101001
001000
011001
001000
001001
101010
100010
100000
000010
010011
110001
110000
000100
000100
001000
101010
101000
111100
101000
000010
000001
110000
100000
100010
101010
010000
010001
010001
000100
001101
100111
000100
010110
001100
110100
000010
110110
100001
000100
110100
100000
000000
010101
001001
100100
111000
000000
110000
000001
000011
000001
110000
010010
001100
000110
101000
010110
000001
101001
100110
000011
011011
000000
110000
100010
010111
101100
000001
011100
000001
000000
100000
100011
100001
000001
110101
001000
100100
001010
001010
000110
101101
010111
000110
000100
000100
011101
110001
110100
001010
000110
100100
000000
110011
101000
000010
000001
110000
111100
000010
000001
000001
100000
001100
010000
010111
010111
111101
000000
000000
000001
000010
100100
000100
000100
010000
000000
000000
011100
001001
001010
110100
001101
110010
010011
101000
010100
000000
000010
101001
100001
011001
000010
000100
110101
010010
100110
111100
001000
101111
000100
000001
101100
110110
010000
000100
100101
010000
010000
001101
000110
000000
100110
010010
010011
000000
000001
000110
110000
100000
000000
101001
111100
110000
000100
110101
000000
101110
011000
110101
000000
010111
000000
001000
001000
110000
000010
110000
001000
110111
010000
100000
000010
000110
010001
000101
110100
101000
011011
000000
101001
111001
000010
001000
000100
100000
001110
010100
000000
010010
100001
011101
010100
010100
101000
001000
000010
000110
010101
100000
000000
101001
001100
100110
001011
111110
001100
011101
111001
000000
011000
010000
000011
000011
010010
001110
100101
011000
000000
100001
000000
101011
000010
001001
111000
010100
000010
011000
000000
010011
100000
000000
010100
001000
101000
001100
001001
010000
100100
101010
110110
011000
001000
010001
001000
000000
001000
011101
110010
100011
111011
001000
111000
011000
010000
110101
101100
100100
010010
100100
110011
001001
000101
010110
011010
001111
100001
000101
111101
010100
011100
100101
000000
011011
101100
000000
100000
001010
101111
000010
000000
010101
000110
010010
000110
101000
100000
000110
110110
010000
100010
110001
000011
100011
001110
000110
001000
100011
011000
000110
011100
100100
000110
101011
011101
000010
001011
001110
111000
000000
000100
010001
000010
000100
000110
100100
100100
110100
001110
101010
100101
110001
110000
110000
000000
100100
000100
101111
000000
101000
111100
101000
110100
011001
000101
100111
101001
011000
010010
100100
001101
001010
101000
101011
000110
100111
000001
101001
000001
000001
011001
010000
010010
100010
000101
000000
101101
000000
000110
100010
100010
000100
010010
000000
010000
000000
001011
011100
000000
001110
010100
111000
001010
101101
000110
001001
011000
000010
110001
101000
000110
010110
000101
001000
001101
100010
000111
000000
010010
101110
101010
010100
010101
110110
000000
000000
000000
101011
100100
010100
100101
001100
110001
000111
001000
001000
001000
011000
010100
000000
100000
001000
000110
011000
000110
111010
100010
010100
011010
010100
010100
100100
000010
111000
010100
000001
000100
000010
001000
110111
110101
000100
001010
000110
100000
000000
010011
100011
100000
000011
000000
001000