010011
100100
000000
010000
101101
101101
101110
101011
000101
010001
110010
001010
001111
100000
001100
001100
110010
111011
000101
101101
101001
000101
111001
100000
101101
010010
111110
110101
001001
000111
010000
000000
111101
011001
110011
010000
010010
011011
110010
101000
111001
001101
101111
010110
001100
111101
100011
000010
101100
010100
010100
111110
001010
001100
001111
010011
000010
011000
010111
010101
111001
110100
011010
110000
011000
000001
010111
100100
001100
100010
100001
101111
001100
010000
010010
101101
010101
100101
000010
111000
101011
110111
011011
111010
011111
010111
000111
111100
111101
101111
101110
101010
111010
110000
100101
011100
110011
001001
100011
011100
100110
110000
000011
111010
011000
010100
100011
100010
000101
000110
000100
100100
010101
100001
100011
101001
111011
001000
010111
010100
010011
101000
111110
001010
100101
110101
110111
001011
110100
111100
100110
101000
000000
100111
110111
001101
111110
111011
110000
001010
111011
011101
101100
111011
110110
110111
110010
000101
110101
100100
111101
111111
111011
111000
001001
010110
011111
101000
110110
000100
101100
011101
000000
111011
010100
101010
000000
111111
001100
010111
100011
101010
100100
110001
110111
001110
011010
110010
011010
101110
110101
000011
101011
100111
000100
111111
011101
111001
110001
010000
100110
101001
101110
111001
101010
000101
010000
011001
101001
100101
011001
001101
000110
000000
101101
100101
111011
110111
110001
000001
011011
000110
110101
110001
111000
010100
111011
011001
000001
000101
110111
111110
101100
010101
110010
000100
011001
001111
101101
010110
000000
011110
011010
001001
110110
110000
010000
010111
001011
010010
011000
000100
110101
100111
100110
000110
101000
101101
000000
100111
001101
010011
011000
000100
101001
100110
101111
110110
010111
111111
000011
111110
011001
000111
010001
001010
010100
101101
111011
001111
001101
111101
100001
000110
111101
000101
011001
110111
001011
011011
011111
011000
011000
101011
111110
011001
001101
100000
110001
011111
110100
001100
101101
010010
010001
100010
001101
101000
101101
011000
010100
000001
000010
010110
101001
011110
110101
001001
001001
010100
111001
011001
101001
100101
100001
000111
011000
010111
001011
000011
000011
011010
011010
101001
101110
100010
011001
011000
011101
001001
000001
101000
000111
110000
101111
111111
101000
110000
000111
100010
011000
111100
011110
010011
010101
001000
001110
000001
110010
101101
010000
000010
011010
110000
101110
111011
000000
011001
000111
001100
100010
100000
000100
011110
011101
100001
011101
000011
010110
011111
110001
101010
000111
010110
011100
001000
000011
000011
111010
110001
000100
111011
011001
011111
111100
101000
100010
001010
111110
000111
100101
110000
001100
000010
111111
011011
110111
110001
010100
101001
001010
101001
011010
110000
110000
011010
000110
111110
100000
101101
111010
111001
001011
111001
001001
101111
011000
101010
001000
001110
011100
101101
011111
111111
001111
100111
001110
111001
001101
101011
011011
001010
011110
111111
101110
101110
010110
001111
000110
101101
100011
011110
001011
100110
010000
000011
011111
001010
111110
111101
011001
101010
001011
100101
100101
000101
101100
001010
111100
001011
110110
100101
010000
111100
100010
100101
011001
111010
111000
011011
110101
101001
101100
100001
001001
010001
110000
000010
111001
100011
101011
000101
010010
000001
011011
111110
100001
101001
110000
101010
010101
111010
110111
010111
001111
011101
011000
110001
001010
111100
100001
001111
001011
010000
101010
010101
010111
011010
010100
100110
001100
111000
111101
010000
111111
110000
001010
001001
110101
000001
101000
001010
010010
110011
011111
100101
101011
011000
010110
111111
111011
100111
100000
010101
011100
011101
110110
010101
001101
010001
111001
000110
100011
010101
011000
010001
111000
101000
010100
111000
111110
001101
010110
101010
111000
001000
000101
010111
001011
110101
000100
001000
101001
011000
010010
100101
101100
001101
110100
000100
001101
110010
001100
010100
000010
000011
110110
101010
000111
010011
001100
001010
101100
101011
101011
011000
000111
011010
111111
101100
011110
011010
111101
001100
100110
100110
100001
000100
101111
100011
001110
011110
111010
111010
010111
000101
101100
000011
000011
000001
110000
101111
110110
010111
001111
101001
011000
101000
000110
001000
001001
110111
011100
010100
110110
111100
001010
001011
010001
101010
011000
010011
011011
111011
010000
001000
111010
111101
111101
000111
110101
101011
110111
000001
001001
111001
010101
100110
011110
011100
101101
000011
000101
110010
001010
011011
100100
011111
011110
011011
100011
101010
101100
000000
100000
010110
001010
110111
111010
000011
001100
000001
011101
110101
000111
000101
011011
001001
110100
010111
001110
011111
101000
000110
000011
111110
100100
100110
010100
000010
001001
101100
101000
101100
011100
110010
111101
010000
011001
010110
010011
001011
011001
110110
010101
011011
100100
110001
011100
110000
111110
111010
011100
101000
101111
111100
000001
101001
010010
000000
001100
111110
100001
111100
001101
100011
010000
111001
011011
100101
101001
111011
001111
111110
001010
111101
011001
111000
000001
001011
101110
011010
111010
010100
000001
001110
101111
010001
010110
110001
111100
000100
001010
101100
101011
001110
001100
110111
011111
011000
111101
000001
100000
001000
011010
100110
110110
001001
100011
001101
100010
101010
011010
111011
111111
101111
011010
101001
000000
000001
010110
111110
111110
110101
110001
000101
111101
111100
100110
101011
000001
010100
101011
101111
100001
111000
001111
001001
111111
000011
100100
101101
101010
100101
011110
000011
111110
011110
101101
011111
100001
110010
011000
111010
010000
110011
010001
000101
111011
010010
100101
010000
010100
111111
111100
110010
011111
110101
110000
001000
010010
100001
111011
001010
111100
110100
110111
111110
011110
011001
010110
100101
011111
101100
101100
010101
001101
011011
001110
001100
100001
010110
011100
010010
001101
101110
111100
111001
001110
011111
101101
100111
101101
111101
100101
010000
010111
001010
011100
111010
111100
000010
001100
111001
101100
111000
000100
101100
101110
010100
010011
100110
000010
110110
001101
001100
001000
011000
111100
100101
000100
111100
100100
111100
111111
111010
001010
100100
000101
101110
111010
110011
000110
011001
101100
100001
101001
010001
101111
100100
010101
011011
100001
010011
010010
000110
111101
110000
001111
000000
111001
110101
100010
000111
110010
010000
110001
101100
000001
100000
010100
010000
000001
100110
010100
111001
110011
001110
011100
001110
111100
100111
000010
111001
111010
011011
000000
011111
000100
001111
010011
011101
111000
011011
101011
101101
010100
110001
000010
010000
000000
011010
010100
110010
101100
111011
000011
101001
010101
010011
111010
110111
000111
001111
111001
010001
010100
010111
111000
101011
110000
000101
100001
100011
101101
011111
001100
110010
011011
000011
010000
011000
100001
001100
100101
101011
000111
001101
000010
111110