010000
001110
100111
100001
001100
101100
100011
010010
000001
100010
100001
100000
010111
100111
110100
000010
011100
101010
011011
010111
100110
110111
110111
101010
000010
011001
101010
001110
100101
011000
010010
011111
010110
001100
010101
001100
100111
000010
100000
111101
000100
001110
010011
101011
001111
010010
000000
011110
001101
000011
111010
010101
001100
000111
101101
000101
010110
100100
001001
011100
110110
011101
100000
101111
010110
111100
100110
101011
011111
001110
101010
110100
100010
110001
000011
110110
010110
001111
000111
110110
111111
000010
001010
001000
010110
001010
011111
100010
101000
011000
001111
110111
100100
111010
101101
001001
011101
101010
011101
010100
010100
000011
100000
011010
110011
110011
001010
111111
000011
010101
111111
100010
010010
100001
101101
111000
111100
011111
000011
110011
001100
111010
110000
000100
000100
111110
101001
111011
000010
111101
110101
111101
111000
010000
110100
011111
100110
111000
000101
001001
010101
110100
010111
011111
010111
001011
001010
011010
111011
010011
011111
100011
011101
010010
111111
011010
100111
001000
000101
001100
001001
100100
001011
010010
011100
011101
001001
110010
100011
011001
110000
100010
001111
000000
110110
111000
110010
110000
100111
100011
001011
111001
101010
010110
100110
101011
011010
001001
011110
111011
110110
100001
000111
000011
010001
010001
110010
101010
010101
111001
000100
110100
100000
111000
001110
001011
011010
111010
110100
001111
110110
100111
011100
011101
100001
111111
110101
110000
011010
110110
100100
000101
001000
001111
001100
010000
100011
000110
000011
000111
011000
011111
100100
101101
110110
001101
010000
110001
110100
010001
110100
001000
101110
001101
101010
110101
101111
000101
110100
000111
101101
011111
001110
101000
100001
110101
001010
100000
110010
001100
011111
101111
010011
110011
001111
100010
000111
100010
110011
001011
011101
001011
101111
100110
000111
110000
111001
010001
011110
011101
101100
011001
010101
010010
100100
000111
000011
011110
010010
111001
010010
001000
101011
001000
100110
101011
011110
010010
111000
101000
100011
001011
011111
010000
000000
101011
101110
000101
110011
111001
100000
001101
101101
001010
100100
000111
011001
101000
001100
011101
110101
111011
111000
111001
101110
001011
011111
011010
000100
101011
011101
000111
100110
011111
111000
110110
110100
001110
010101
001000
011001
100011
001110
010111
100001
100110
101000
100000
111001
001010
101011
101010
011101
100001
011000
011011
110001
101110
001100
011101
110011
111111
000001
111011
101011
000010
101110
010011
110100
100110
101101
111000
100110
110100
110100
110011
001111
011010
001011
000100
001011
100101
111010
001010
100001
010100
011010
101011
101100
100111
010111
000101
001010
110111
100111
000101
101000
110011
110010
000000
000001
111010
101000
101011
001101
101101
010100
110101
001001
000101
001000
001100
010011
011010
101011
100011
100010
101110
011111
110100
101111
011110
110101
111100
111011
110011
001000
010001
000100
011111
010101
100101
010111
000001
110001
001101
011010
011110
001111
110001
110101
001111
111100
000001
111101
110110
111010
001000
010010
101001
110010
110101
000001
111101
001100
000110
011010
001011
111000
101110
000110
010000
110111
000110
110010
001011
101100
100001
001010
100011
101001
110011
100010
001000
011100
001110
100011
010111
000101
111100
101110
010110
001101
001100
101100
110111
011111
100010
000101
001000
111011
000100
010001
110010
101100
110111
001101
110100
101101
101101
111000
001001
001000
001111
000011
101001
111111
110110
101110
100111
011010
010011
110110
100000
001010
111100
011111
100110
000011
011100
010001
100100
110101
101100
111001
100011
000101
101111
101111
101011
111101
010100
101001
100111
101101
110001
110001
100100
111000
111100
100110
101111
010010
100010
111110
000000
011000
001101
110111
111011
101001
001010
101111
000100
011101
000010
011001
101101
110011
100100
111110
111001
101100
100010
110110
001101
010100
011001
001110
101011
110110
011011
110010
001000
110111
101110
111101
101011
001010
001110
100001
110100
110000
110100
101000
011000
111111
100010
010000
101111
101010
011001
010101
101110
001000
011001
100101
011111
110011
101111
101010
000001
101001
100100
101101
101110
111110
111100
100111
110100
000111
011101
100101
101101
001101
100001
000110
101110
111000
011110
110100
100010
100111
011101
100010
000101
000100
111110
111101
000100
010011
010000
101101
010110
111010
000100
010001
010011
001011
001110
011011
010111
110100
100010
001000
100010
100110
000101
000110
111010
110001
100000
110101
010011
111111
000100
010000
000101
010011
010111
110001
000111
011111
001011
111101
111110
000000
101000
000110
111101
111000
001110
111110
101001
111000
001101
111010
010100
100101
011101
111101
000101
101100
001101
111001
110100
001111
010000
001011
101000
001110
101000
110010
010111
111100
111101
111100
010011
000010
101101
001111
010010
100000
100101
010101
110110
111011
000000
011100
111010
010010
110010
000100
010101
101001
110011
110100
010111
010110
001101
100101
100110
100100
000001
101101
011000
010111
111001
010110
011001
011000
011100
111110
011010
111101
011001
110110
001000
001100
011100
100101
101000
000010
100101
100011
011111
100100
100001
111110
110110
011011
001110
110101
100100
011101
111100
011011
101101
001101
110000
010011
101111
101101
110100
011001
001111
000011
011111
001100
011100
111101
101000
100100
010010
001010
101001
001010
001101
000000
000111
001010
101100
001001
010101
100110
010001
010011
101111
010100
110101
110110
101100
111011
011001
101101
100010
011111
001010
100011
001100
001101
011000
101011
110001
000101
011110
100111
000100
111110
101110
101001
011010
010111
111000
000111
010110
101000
100011
001001
010010
001001
111111
100101
001011
101111
101111
111000
110001
100011
110110
011101
010101
000000
111100
001010
110010
111011
110101
101001
100001
101010
011110
010100
101001
100010
010110
101001
111010
111101
011110
111000
000100
100010
111111
110111
000101
010001
100010
101000
011010
010001
001001
110011
100101
100011
101000
001001
000010
001011
100001
110011
011100
101100
110010
100111
101110
000000
010000
111101
101001
011011
101000
011010
101010
111001
011111
001111
001101
110000
100011
100010
110001
111001
100100
010110
000110
110010
000010
010111
110100
100011
101101
011010
111111
011101
101000
110110
110000
010001
000011
011110
010100
011000
110001
111110
111001
100010
111101
101010
101101
110000
010100
101100
010011
011011
111110
110010
011111
010010
110000
000100
010101
001010
110001
111010
011000
101010
011101
010100
111110
011000
011100
101001
001111
100111
001110
001010
000100
101011
001011
111010
010011
000000
111010
011111
010010
100110
101001
001111
100110
110101
100100
011010
010110
001001
000001
010001
010000
001010
010101
010001
001000
011001
000001
001101
010000
101101
011100
010100
100110
001110
100001
011010
100101
111110
001000
110010
010111
000001
100011
011110
101011
100010
011011
100001
100110
010011
100011
111011
011100