011011
010011
010000
011100
011101
000100
000101
101000
110001
000111
101001
001000
110011
101101
010011
100111
101101
100010
111100
111100
000011
111001
111001
000001
001101
011111
001011
000110
100010
111011
100101
010011
010010
111011
010000
010001
100001
101000
111101
101010
011010
110010
111111
000001
010110
000100
100000
111100
110111
000111
100011
000001
110011
101111
000010
101111
010010
111011
001111
001100
100111
001010
001010
000111
110101
110011
001111
010100
111100
110011
101101
001010
000000
100001
100000
111000
100101
101010
110110
100010
011000
111100
000010
001111
011000
100110
110111
101001
110001
010100
111001
101100
110000
001101
100111
001011
100110
001010
110011
111100
000010
000010
001100
001000
000011
111111
100111
101010
011100
111000
000010
101110
011001
111000
010010
110111
010000
110111
011010
101110
000111
011101
011111
011001
000111
101011
010110
000010
001000
000110
100010
100111
011011
000110
101001
001000
111110
111010
100111
000111
001011
111101
111010
011101
110110
111010
001011
100110
100110
111111
001010
000010
101111
000010
111110
000110
010101
001111
000110
110011
011000
110000
000000
010100
010110
000010
111101
101001
000111
010100
111010
100110
010101
001100
010010
101111
000100
001001
000100
000011
000011
111110
100100
001101
100100
101010
011100
000110
001000
011000
111110
110100
011000
110100
000100
000000
110100
100101
111110
001010
100010
110100
110011
111110
100001
010011
010100
000111
010001
110001
001000
011101
011010
011001
001111
010001
000000
011011
111010
111101
010010
001111
010001
010111
100101
111000
110101
100011
111101
101000
110100
011110
011001
101010
000100
101111
100100
011100
100000
011001
101000
111001
100010
001110
001011
001111
000101
110001
110011
101000
010000
110011
001101
001010
010011
010010
010001
100111
011010
101010
101100
010110
101011
111111
100111
011001
110010
110111
011100
010011
011011
110111
010111
011010
101100
110110
110110
100101
010110
110010
000011
000110
000010
111101
010000
000011
111110
011111
101010
000011
000110
101010
111010
011111
110001
100101
001101
110111
001111
011000
010110
001111
001111
010110
001011
110100
001011
100011
101010
111110
010011
011110
010010
100101
010101
001110
110001
110010
001110
111100
100011
111101
111010
101011
010011
011111
110110
010011
011111
110110
010101
000110
001001
111100
001011
010011
010100
111001
011000
000000
000001
000110
110111
011010
011011
110100
011000
000100
111101
101100
111111
101111
001000
011110
010001
101110
111110
011001
101011
011011
011100
100110
000001
100001
000010
010010
010010
010110
010011
101001
010111
000100
110100
100011
000010
000010
000100
101011
111011
000111
100110
010100
111000
010001
000010
110010
000001
000110
011110
100011
000101
011110
000001
010101
000101
101000
101001
011110
101111
110011
001000
101011
110100
110101
100010
000110
000011
001000
111011
010110
110100
110000
010010
100101
011011
010101
100000
101110
101110
101100
000000
000101
111000
101101
101001
000111
101100
110111
011110
110001
011100
001011
000111
110101
110110
001101
000011
111001
101111
000010
001000
000011
111100
011011
010000
001011
110010
110010
001101
100111
011101
011100
101011
010100
100110
000000
111110
001101
100101
000011
000000
101001
100011
110111
110110
000110
000011
001011
100110
010010
100110
011011
101111
010011
011101
101010
001011
101000
101111
001001
010110
110111
101101
001010
001101
101101
101101
000111
010101
111010
111111
101100
110011
000111
010010
010001
000001
001100
110110
010000
111001
101011
101111
010111
110110
110100
000100
011111
010000
010101
011101
011100
101100
000111
010111
001000
000111
100110
011001
010101
011010
111011
000100
011101
010101
100100
101001
111111
100000
101101
001100
110011
101110
110101
001001
010000
000111
010111
010101
100001
111110
000011
111111
000110
010101
100111
011011
111000
000100
110010
011000
111111
110101
100110
011011
101101
001100
000010
010110
110011
110010
100110
001101
100100
011001
111101
011101
001101
001110
101001
000100
000010
010110
100111
000001
001101
110011
000000
011100
000011
011110
101011
010110
000111
010001
011110
100011
101011
101010
100100
001110
100100
011010
100001
110101
111010
100000
100010
100001
110100
011111
011011
010000
110011
000111
001101
001000
110100
111011
101111
101110
011111
010110
110000
111111
111010
011111
010101
101001
001011
110110
101110
111011
010000
010000
110101
010110
000110
010000
011010
010100
100000
001100
001100
110001
001110
000111
101000
000110
011100
100110
101000
001110
101110
010111
010000
110011
110001
001010
001101
000100
100011
101100
110010
001011
000010
100101
100110
101111
011110
011011
100011
101101
000101
010110
100101
100100
001110
011100
110101
100000
111011
001000
101110
011111
100011
110010
000100
001010
001111
101111
110010
010001
001110
000110
100000
010011
000100
110001
101101
000111
010011
010101
101110
101001
111100
111101
000011
101111
110100
001100
000111
011111
110111
001111
011111
110100
110101
010010
010010
100010
101100
101011
001000
011111
101100
000111
110011
011111
111011
001101
010111
100010
110000
101000
010111
101010
111001
010010
111001
100011
100001
110101
101110
111100
000011
000001
111001
010111
011000
000010
000110
100110
111101
000001
001001
001101
001000
100011
111000
101010
001111
110011
111001
100110
010101
001100
101110
101001
001101
001111
110100
011001
001101
000101
110011
000010
001011
101100
111111
000101
110011
001101
000100
001110
011100
000001
110100
110110
010000
010011
111001
010011
011110
011110
001111
011101
101000
010111
101011
101000
110011
001110
011000
110000
000001
100110
000110
000000
101011
100111
111010
111011
000101
001100
011110
010000
111100
000100
110100
011001
110010
110000
100000
100110
010111
110111
001010
010001
011001
111010
001010
100111
110010
110010
111011
001111
010010
010101
001001
000011
111010
101001
111100
100111
111001
111101
011001
110111
110001
011111
111011
111000
111000
111111
110000
001001
001001
111010
100101
001111
011000
011100
001000
101100
000000
101111
011000
101101
000011
011010
011001
111011
110000
110111
001110
110110
110101
111001
001111
000110
000101
001110
101111
000000
010111
111010
010011
001011
110100
001101
101111
000110
101100
001010
110101
101000
000010
111000
010010
101001
000011
010111
000100
011100
101111
111101
101001
001101
111001
100010
100000
110001
010111
000101
001001
111101
010001
101000
001101
011101
001011
011001
011010
001101
010110
101100
101011
010100
000110
101111
010111
101011
100111
001011
011011
000111
111001
110111
100101
001010
111011
111110
100000
101101
001001
110100
111100
100101
100110
111010
100100
100010
000100
001000
100101
111101
001100
101000
001000
011010
110111
011110
001001
000001
101001
010011
110101
011111
101010
100000
001101
011111
100001
101110
110111
100001
000011
110110
011011
101100
111001
010101
000111
110001
110000
101100
011101
111101
001111
001101
011101
000011
000111
110000
100011
011001
011001
100001
010011
000111
001101
110110
001001
110110
011011
000111
010111
011000
111011