001100
111111
011000
000110
101101
011000
101101
101010
111000
011000
100010
111001
100100
101111
001111
000100
111010
000000
000001
000100
100100
110000
011011
010100
110011
011100
011100
111101
110101
011111
101010
100011
010001
011010
001101
110101
001011
011111
001000
000010
000101
001110
100010
010111
000011
010101
111011
000111
000001
010110
101011
010110
001100
110001
000110
001111
010101
001110
100101
101100
111101
001100
111111
010011
010111
111110
100100
101111
101011
100101
001111
011001
011100
101111
011001
101100
100111
011110
001110
010100
101111
101010
011011
011101
110010
000000
111011
010100
110111
000010
110001
000101
000111
100101
011001
011100
111000
111110
110001
011100
101111
101100
000101
001000
101100
001101
100011
011000
110000
101101
000000
100000
011111
000100
100100
110011
101010
010101
000000
111001
111010
111011
001111
101111
000010
101001
101011
111010
010011
011101
001000
010010
001101
000110
100101
000110
101111
100011
101111
111100
100011
001101
111010
110001
100001
011110
010110
100100
001101
010100
000101
010001
101001
000010
110000
011111
101110
010011
000001
101100
010010
011110
000101
001110
010011
000001
101110
001100
001111
011010
001101
101101
001100
010000
101000
100000
100111
000101
001001
111001
010001
101100
101101
111110
110111
010110
111111
011000
001101
110011
000011
010110
110111
001100
001011
000100
111011
100001
101011
110011
101000
110001
101000
000011
101101
011101
100011
010100
110001
001000
111111
100110
010000
110010
111111
101001
011111
000111
111011
001000
000100
011001
000010
000010
001100
010101
101101
100000
000111
000010
000110
001101
100110
100010
101010
110110
001101
110110
011100
011001
100000
000100
001000
010010
010010
110111
111000
000000
100110
001101
100100
001101
111001
011001
001010
000000
111111
000111
001111
010001
111110
010110
001001
001101
110011
001000
001001
000110
111010
100011
101011
000011
011101
110011
110111
001101
110111
010000
010011
000110
001110
111100
111101
000110
101110
000101
111111
000010
101010
001011
111010
101100
011000
111000
001000
111101
000001
110011
011010
111110
110100
101101
000011
110010
000010
110001
000000
011110
000110
000111
011101
101010
000101
011110
110000
010101
000111
001100
101001
101111
111101
100110
011111
011101
000101
001011
111010
100010
110110
100001
000001
111010
110101
111101
100100
011001
001100
000011
100111
101000
111001
110001
001101
000010
111111
001010
111110
100010
010100
001001
110001
010101
011000
110101
111010
011110
100111
010001
101001
011010
100011
010100
101110
010000
110001
110000
100111
100100
010011
000100
011101
010000
000101
100111
111111
001100
000111
011100
001001
101010
110100
000100
111010
011011
110011
001000
011010
001110
001110
001101
110011
000010
011011
000111
000100
111101
001011
101000
011101
101011
111110
100001
111111
010010
100110
111111
101110
000011
101110
111101
010011
001111
111010
110010
000001
110101
100111
011010
100100
110101
101011
010101
101110
001110
011100
011100
100110
111011
100101
100111
111000
010001
101100
001110
011011
110100
100100
110011
000100
100010
100010
101000
011101
110100
011011
111010
101111
010101
010111
001111
101111
001001
111101
001001
100100
110010
110010
000101
111000
010110
110000
100001
111111
001010
100101
001000
111110
101101
000010
111111
000100
110000
010110
100111
111110
010111
011010
111001
001000
110110
000010
001110
101000
010111
001111
000101
000011
011110
011111
101011
000010
101011
101010
000010
010100
010010
100000
110001
111010
001010
110011
001011
110011
000010
010011
100100
100101
010111
010111
001110
100011
001111
001110
110100
111100
101000
011000
000100
000010
110011
010100
011110
000111
100001
110011
111110
001101
010011
110001
100001
011011
011000
111111
001010
010111
001111
111000
011011
100111
110001
100110
000011
001101
101000
010000
011000
000111
010010
110011
100101
110100
110011
010101
100011
000010
010101
011100
101001
110100
100110
111111
110101
110000
110110
010010
110111
111010
000101
001011
101010
101111
101100
101111
111111
000011
110000
111001
001010
110010
101001
001110
100011
110101
010100
011101
101110
111010
101010
011110
000010
000101
010101
000111
010001
001001
110001
010001
100110
010101
000001
000010
101100
111100
010110
011011
011110
101101
010010
001010
110110
111101
100001
111111
001110
110100
001011
001101
100000
111110
001101
001111
100110
100110
110011
010101
101011
000101
011000
110111
001111
111001
011110
110010
001011
001110
000001
010111
011010
110110
000001
110111
111110
000101
100111
111101
100000
010111
100101
111010
101110
101110
101010
011111
111101
000100
010010
101010
011111
110100
000111
001010
010101
100100
000111
110001
011101
000111
000100
110010
010111
100110
001010
111110
010111
011111
011000
110000
001010
001110
101100
111101
011110
011010
101111
111011
100100
110110
010010
011111
101011
001101
001101
010001
011011
111011
011100
110000
101001
100100
110000
111111
010111
101100
100000
110101
011001
101101
010001
110000
111111
000110
110111
101100
011111
011111
111001
110000
101111
100110
001000
111010
111101
100011
010100
100000
110000
111011
101100
101111
001100
001100
110101
101011
011011
111110
000100
110111
000000
011001
110100
011010
000011
011011
110110
001101
001000
000010
111000
110100
000111
101010
101001
100101
110000
100001
001101
010111
110011
101011
000100
111111
000011
101110
011111
111111
110001
011100
101010
100000
101011
010000
111010
010111
101001
000110
110001
101011
010000
110010
101110
010100
110110
011111
010011
100101
101011
010110
001111
011011
010110
101100
101001
011110
111000
110001
110111
111110
111001
100110
101100
101001
010011
101001
000100
011110
101101
000100
010110
011110
111111
000001
111100
010101
010010
110001
101010
110101
010000
011010
111110
000010
000101
101001
000000
111001
001101
000000
110010
000010
001001
010011
110110
110010
000111
000010
110110
111110
011101
101011
010111
101001
110000
111010
101000
101110
010011
100010
111001
001110
011010
000100
011110
100100
110001
110010
101011
001011
110100
001000
011000
110101
111000
101000
001000
001110
011011
011101
100000
000001
111111
010110
000101
101010
001100
101011
111110
010000
011111
100000
011100
000000
110110
011110
101001
100011
010010
010100
111011
000011
001000
100100
001110
010101
100010
111111
101010
111000
100011
100100
001100
011000
010010
010000
111000
001000
010110
010011
010010
111100
001011
101101
100101
001111
000001
001100
101101
101110
110110
000011
011000
110111
111011
110101
101110
011111
100010
110110
100000
010101
101010
001100
000010
101000
110111
011111
110100
110110
010011
001000
100100
110110
101000
000100
101110
101110
100100
000100
101000
001100
100110
110111
101000
001010
101000
011001
100110
101100
101000
110110
110110
010111
110110
011111
111100
010111
100011
111111
101110
010110
100000
110111
011011
111111
101101
000100
011010
101110
100001
111011
001011
010110
100100
010011
101010
111110
000110
010111
010100
111110
110100
101110
000010
010000
011011
001011
100001
001010
111010
000000
001100