110100
110110
101011
110000
101010
110010
011010
111001
001100
101001
110110
100100
101110
100011
100100
010010
010010
011011
011000
001011
001010
101111
000011
011010
110011
111101
110011
011111
100001
100101
010100
100010
010100
010111
001101
101100
111000
100110
110000
111011
110000
101100
101011
010100
110000
100100
100010
000100
010101
001101
001000
000011
101010
000110
111010
100001
111011
101011
100101
010100
011100
001011
100011
010000
001001
011000
100010
101011
111101
010011
110001
000000
011110
111101
110010
111010
010110
000010
011010
110010
011000
010100
010101
010011
000110
001101
100110
100001
101011
111011
000001
110010
101011
101001
010110
100010
010000
101100
010010
111011
001100
101011
001010
010111
010101
010111
110010
010000
001000
010101
100000
010111
101110
011001
000010
000100
100000
110111
010000
100110
101010
011101
101111
001010
100011
100000
000111
001001
010000
010000
100001
010111
010000
011010
101111
000110
001100
111100
110011
001111
010001
111011
010110
110100
101100
010101
011001
011000
000001
111010
110001
110111
100010
110100
010101
111111
100100
101101
111000
100110
111010
100011
001010
011000
000101
101011
011011
011111
000111
001010
011000
010001
001010
000101
110011
111000
011101
001100
111010
000101
011110
101111
100011
101100
010111
010011
110110
100001
101001
101110
011001
111100
001100
111000
100101
101011
010011
100101
000010
010100
011111
010000
100011
110101
100011
010001
111000
001001
100001
110001
001001
101011
001010
010010
111000
111001
011101
011110
011010
010110
100101
011101
101110
101101
110001
001101
011110
110101
100011
001011
100010
100001
000011
000100
111010
010010
101011
100010
100110
010111
101001
011110
001011
110100
011110
101100
111011
110110
101101
011000
001111
110101
111111
100101
001111
111110
011111
111011
101000
110001
001101
110011
111000
101111
110110
010001
010010
001011
100111
001001
111001
001010
110111
111100
001011
101011
001000
111111
111001
001101
001111
010110
000000
111000
101011
101001
000101
000011
110100
110111
000100
111110
010001
010001
011110
000101
000001
111111
011110
111100
011011
110101
011101
111000
101110
110110
101110
001000
110100
001100
000001
000001
001010
001011
000110
100001
110100
111101
010001
111011
001000
111100
110000
010000
110000
011001
100111
010011
010010
011101
111000
111010
101111
010100
110011
110011
110110
011110
111111
101100
011101
010011
101101
110110
011111
110000
111101
000110
010000
101010
110010
100110
001011
001100
001011
010100
100100
100000
011011
100100
100111
011100
010111
010101
010001
101101
101010
101100
001100
001100
001001
101110
010001
111001
001110
101001
010111
101101
100010
000111
001100
111001
111100
100001
101010
110011
101111
010001
101010
001010
110111
011101
111011
111000
001000
110100
111001
101101
111111
100000
101010
111011
110110
000000
011011
110101
100101
010000
111010
000101
010010
011110
110110
001111
001010
011010
101010
010011
110101
111001
001110
000010
000001
000100
110011
100010
011110
110000
110101
110100
101101
101101
111011
000111
111010
000100
011110
111001
010011
011001
101000
110001
001000
000001
111010
001001
110000
101000
101011
110000
110010
111010
000101
100110
001000
011010
101011
111011
001110
101000
011001
001110
111101
111001
110011
101011
110000
100010
010000
101001
011010
100000
000000
110110
111010
101001
101110
100100
110111
000110
111111
100111
000010
010111
101111
001101
011010
010101
010100
011110
101001
101001
110111
001001
000110
110110
100000
110111
111101
111111
110100
000101
111010
000010
011100
000111
010000
100101
110100
001010
101010
000011
100011
011101
001110
110111
001010
011111
111000
111110
000010
001010
110101
101000
110010
100001
100111
100011
011010
110000
010000
011110
101111
101111
110111
010011
100111
011110
011100
001110
110101
100011
100110
101010
110101
111000
011011
011010
000001
110001
011010
101101
010111
011110
011111
000001
001100
101110
110010
001000
010000
111110
111110
011100
111100
010010
101100
100010
011100
110101
010101
111111
111001
011001
011000
011011
010011
011011
011111
010100
100110
000001
100100
000100
011100
001010
101100
110101
010110
010011
101001
100101
101110
110001
100110
001110
110111
010011
100100
110110
110000
010110
110100
000111
001100
011100
000000
111010
011001
111110
011001
101101
010001
011101
101001
110101
101010
110110
011100
000101
111100
010001
100110
011101
010011
010001
001111
011011
100010
101101
100111
010011
011111
100001
011000
001110
010000
010010
111000
000001
000110
101011
110100
100110
110001
111111
011011
101100
001100
011010
100110
111000
010100
011111
110011
011001
001010
101000
100111
010101
000100
000100
000111
100100
111001
000111
110010
011001
000001
010101
111011
101011
010100
001111
001110
100110
110001
111001
110101
100001
011010
000100
011110
010100
100100
111101
000101
001101
011011
111100
011001
110011
100111
111101
111111
111011
101110
100111
001101
001010
000100
010010
100001
000000
001111
010000
101111
010110
110011
100111
100001
111101
011101
100111
010111
001010
010110
011011
101011
110110
111000
011000
110001
001001
101010
101100
101101
101110
111110
100001
110001
000000
101110
001000
000111
100110
111010
100001
100010
001011
000110
011011
110111
010011
011110
001110
011111
001000
111111
110110
101101
110101
010110
100111
100111
011100
110110
000001
001001
010001
010001
111010
111100
101010
010011
011000
110110
101001
000011
010101
111111
010010
100000
100010
010000
101100
011111
111110
010000
011111
111101
011001
111001
010101
110100
000111
111010
011100
000100
001101
111100
110110
001111
101100
100000
111001
111000
100110
100111
110101
100101
000011
110100
010001
011101
110111
101001
011000
011100
000101
011001
100100
000001
100000
010011
001010
000001
101111
001100
100110
101100
111000
010111
010111
111110
001100
000100
000111
011011
100111
110111
011011
011111
100000
110010
101001
100011
001010
100110
110001
011101
000010
001001
101011
111100
100101
010001
111001
011001
000100
000110
011110
100101
010101
100110
100111
010100
001001
110110
100101
011101
010010
001110
000001
000101
001111
010000
001101
110000
110100
010110
111000
001101
000011
011101
111001
110111
001011
001100
110100
100011
100100
111010
100100
010011
111001
001111
010111
101101
011110
111101
110110
100100
111110
001111
001111
000100
100000
011111
101010
011000
011111
010011
100101
111100
101011
010111
100101
010001
110101
100101
000000
110111
101110
111000
010111
100100
110110
111111
001101
101011
100000
100000
011100
010011
110011
011101
111010
101100
010001
100001
001001
001000
100101
111011
111011
000101
001001
101000
000011
010010
011000
011100
000001
001011
110100
101101
110110
101110
111100
001111
100100
001111
011100
101011
001101
011010
000001
101100
110101
010001
001000
101010
001011
001001
111011
110010
010100
010110
101010
110001
011111
111000
011010
111101
010101
000101
010011
111011
010001
001100
001100
100110
000101
101101
001111
011010
001011
101011
100000
011010
000110
001001
001000
010100
100111
001110
011111
000111
000111