011100
000010
001010
101011
010001
000010
110010
111101
111111
001010
100110
000101
100001
011111
001000
110111
010100
111011
111100
001110
010010
111011
011000
100001
010010
011001
110001
001001
001111
100000
011000
100111
110000
111010
010111
100001
101111
010001
011101
110111
101010
100110
111111
101001
100010
111111
101011
011001
101011
110010
111011
100010
110011
111011
011011
010101
111110
010000
111111
110111
011101
111100
000010
100111
110111
110000
111000
101000
000100
010101
100101
111101
101101
011010
000110
001110
010100
010000
100101
100110
111100
111110
010101
000010
000100
110110
101111
001011
100000
000001
101110
101100
110001
001100
001111
100011
101100
000010
101110
010110
000000
011110
010001
001000
100111
000000
001010
011001
101011
011010
001100
000011
111010
000001
100001
011111
100101
111001
000001
100100
001010
011011
010101
001111
000000
001010
011111
100011
000000
101110
000001
101001
110111
110011
101011
100100
111111
000010
011111
100110
101011
000011
111010
110101
111001
101010
001100
101000
111011
101011
111111
100100
001100
011000
111110
100011
100100
101001
111010
010001
011001
000111
001100
101111
110000
001110
110101
010010
111001
000111
000100
101101
000010
001010
000111
101011
101101
001111
110011
010110
000101
111001
111001
110101
100100
010010
100101
100101
010101
101101
010001
111100
111011
111101
101000
000000
100101
010000
111100
111011
010000
101001
000110
011000
010101
000101
101000
110110
101011
000011
011110
000001
010101
010011
100011
001011
011011
111000
001101
001110
001110
011101
011100
110101
100101
101111
001001
010001
110011
011101
101000
000100
011010
110100
001010
100110
000111
011100
011110
000101
001111
010000
011010
111111
010000
110110
011011
000001
101110
111001
011011
010100
000010
010010
100010
010010
100110
100001
110110
011011
011010
101001
001100
101111
000010
101011
000111
011100
000101
001001
110100
001000
010011
110100
101011
010000
101011
110100
000010
111101
000011
010110
111010
000000
100100
110100
011100
010100
011100
000100
111011
111110
101100
110111
000010
011010
000100
010100
111100
100010
110100
111000
001110
000100
010101
110010
111100
100010
110000
111000
110011
111001
111000
110001
101011
010100
110100
111111
101011
110110
100110
011110
010110
001011
101111
000110
110101
101100
110110
001111
001110
001001
000000
100100
101010
010000
111000
000000
001101
100011
011010
011110
000101
101100
111001
100101
100010
011011
110101
011001
000101
101011
111100
111011
101011
001100
100011
000010
110011
001101
010000
110101
110110
111111
001011
101100
110010
100111
001101
111001
001110
010000
110110
001100
101111
011111
000010
110011
010100
011110
110111
101011
011001
101011
000111
100100
011101
000101
111111
001010
000101
011000
100001
110101
101010
001000
111101
101100
000001
111111
001000
000001
100000
110101
101101
110110
001011
110111
111110
100101
010001
101010
011111
011111
011001
001010
010110
011111
101000
111000
000011
101010
101100
101011
010111
100100
101100
011100
110100
110111
011111
100000
010111
000010
101110
001010
111001
111011
000000
010001
110111
100101
111101
101100
001101
110101
000111
000111
111101
110000
100111
110101
000110
110111
110000
101000
101101
000001
010011
101001
010101
010110
010000
101010
001001
101010
000000
110011
000101
000110
110100
101011
000110
101101
110010
110011
110101
001110
001110
001000
000011
110110
011010
010110
010110
110010
001010
110001
010010
111101
111111
000110
100100
100001
001100
000101
000010
011000
000101
001001
000000
001110
110001
110101
000100
100101
111101
101100
111011
111110
011010
011000
011100
101111
101101
000111
111001
000111
110010
011011
110011
111001
100111
011010
010111
011001
000100
101100
100110
000011
000111
111100
110111
110000
111000
101000
001010
001011
101110
010010
111111
001011
010111
000010
101100
000110
010000
011111
101000
001100
011000
010011
000100
010001
110001
110100
100110
010010
110111
000101
001001
101010
111101
110111
011001
001010
110001
010101
110001
110101
000000
101010
000110
010000
011001
000110
110101
001100
100101
101100
010110
001010
010000
110010
101100
110011
000000
110011
110001
100101
010011
111110
101110
111101
010100
100011
101111
001101
011000
001000
000010
100100
010110
101111
101000
111010
100100
111111
101010
000101
101011
000010
000110
010110
111010
010001
000101
000010
011110
111011
111101
000011
000101
110010
100011
011101
100011
000000
110100
000101
010101
100110
111100
111010
011100
111101
100000
000011
000010
100110
111111
111111
010111
110011
101000
111011
101000
100111
111100
100010
010010
111100
110110
110001
011100
111100
100110
100101
011100
101101
000100
110011
001111
101010
110101
111111
101101
011101
110011
001011
101100
100100
010011
100101
011100
010000
000010
010110
101010
100000
101110
111110
111101
011010
111100
010000
100101
101100
000011
100011
100001
110100
000001
100010
100011
110100
110101
111100
101000
110000
111000
110000
101000
001101
000011
110100
110011
001000
101001
100011
111011
110010
011101
001101
011100
111010
111000
100010
111010
110001
111000
111001
111111
100011
101100
000100
100111
000011
010111
001000
011010
010110
010101
111011
000100
001110
001110
111101
110000
011100
100000
011110
110101
011000
111001
000110
111111
011100
011011
011010
100101
100011
010111
100111
100001
100010
010111
011000
010000
100000
111110
110111
011110
110110
100111
000101
110101
110011
010000
011010
100100
000010
011101
101010
001100
000101
011100
000000
001011
001011
101101
111011
110011
101011
101010
101111
100010
001000
100101
101000
010110
100111
010001
100011
011111
111101
110000
001001
111010
110000
100000
110110
011110
000010
100011
100001
100111
011111
101100
001101
000001
010110
100011
110000
100001
111000
001110
010111
010000
000110
101011
101000
110001
110111
010010
000010
010011
100101
100001
001010
001111
011110
011011
000000
110000
100101
001101
110001
100000
010001
001101
011011
101101
101001
111011
010100
010000
111011
110001
101111
111110
010110
010010
001111
111001
010101
011010
001011
101010
000101
100110
110001
010011
101001
110001
110101
101000
110110
010001
001100
101000
000101
101101
011110
011001
110000
100010
001101
011100
111111
001000
100111
010011
011010
111001
011011
011101
001100
000011
101110
110011
011011
001110
010011
110001
000001
100000
001000
011110
011110
111010
101011
000010
001010
010011
100100
110111
001010
101111
010110
010010
110011
110110
010000
101101
111010
001111
111101
111011
001010
001011
111101
101011
011000
100110
000011
011100
101110
000101
011110
010111
000011
111100
111011
010010
110000
110000
010111
010110
011111
110001
111010
010000
100111
100001
001110
111100
100101
100100
101011
011111
100011
110101
110011
011111
001101
010001
010110
001010
100011
001111
101101
101001
001001
010000
001000
001011
011011
101001
101100
111011
001000
110101
111001
110111
111001
010011
000110
000010
000101
101101
010110
011000
011100
010111
100000
100001
100110
101110
101111
101000
100100
000000
011000
010011
001000
000110
111100
101010
010010