100101
010011
101110
000010
101010
111001
001101
110011
010111
111111
111011
001110
010100
000000
111010
000100
100001
111111
011100
001010
000000
011100
111000
100110
110001
100100
001001
110000
110100
010100
010100
001110
011001
010000
111110
110100
000100
010010
001010
100000
100000
000011
100110
011110
001101
110101
000010
011110
011110
101100
011001
011001
110010
001011
111000
101000
111010
001101
110111
011011
001011
011010
000011
111110
100000
110010
001000
010011
110011
000000
001011
010000
010000
100100
111111
000001
001000
001100
010000
000010
110101
100000
101100
100110
110001
000000
101011
001111
000100
000010
000010
110000
000111
001111
001001
011101
000111
100010
000010
110001
101101
000000
010010
000100
111101
101000
111010
110100
011101
101011
000000
000110
001101
010010
101111
110110
001110
111000
001000
100100
110100
110000
010111
100000
001111
000101
010000
110010
001000
000110
010110
000101
100100
000010
000110
011110
000111
001000
010010
011000
010011
100001
001010
110001
110100
111101
010001
010111
000101
010001
100101
001110
010011
010001
100010
010110
100010
001010
100010
110100
110001
101000
100111
100011
000101
101111
110001
011010
001111
110100
010110
000110
101010
011100
110111
101101
101100
101010
011001
010110
110000
001110
011000
111010
111101
111111
000100
101101
100000
001011
001100
101111
001101
010010
000111
101010
000110
000010
111001
001010
110011
011101
111001
001001
110100
100000
011000
100101
001110
110011
011110
100101
101100
010110
111010
001001
001010
001100
101110
000001
000110
010011
001010
001111
001000
010101
011100
100100
010101
001001
010101
010010
101101
111101
001101
101100
000010
010010
011100
100010
110101
010010
011011
011101
000110
000011
011110
000111
100010
010010
100000
110011
010011
010100
001000
110011
100110
011100
000110
011111
000000
000010
110010
000011
100010
011111
101000
011111
100010
011011
111010
111101
101001
101111
111111
101100
100010
001011
101000
000111
000100
110011
100001
011001
001000
100010
011100
011010
101001
000101
001010
000111
001100
111100
011011
110011
001010
111001
001000
000011
011100
001110
010101
111111
111011
110010
110001
101010
000000
110001
010000
111000
110101
010100
010011
100001
110011
110011
000010
010110
000110
100000
000110
100101
011100
010011
100101
000011
000100
000001
100001
000010
101001
101100
100111
001100
110011
011100
011010
111011
100010
011001
001100
111111
111100
000011
001001
111000
001010
010010
001100
001101
101001
101000
011101
010101
101011
010110
001111
100000
100000
100000
100010
111100
010010
011111
001101
110000
101110
101100
110110
010010
001110
110111
011001
000010
100100
001010
110000
010001
100100
110001
011111
110110
001100
000111
110100
011001
000111
000100
000010
000111
000100
000000
011001
010000
001011
001111
101101
100000
110011
100011
110011
001100
000010
001011
100100
011011
011000
101111
101000
001100
000010
101000
001100
101101
110000
101001
100100
000001
110001
100111
101110
000110
001110
101101
101101
101100
001010
010100
001010
101111
100010
000111
111101
010010
100000
111010
001100
000010
100100
111000
111101
001010
101011
110101
000010
001010
000101
100010
000001
010100
001011
010000
001110
011101
000110
100011
100100
000010
011001
010110
010000
100000
100101
101101
101011
101011
110001
101010
100010
101100
100101
000011
000011
000101
000100
101011
110111
110011
010000
101110
100101
100011
010111
100110
000010
010011
110001
111001
001101
101000
010110
100111
001111
010010
110000
101000
000000
101000
010010
010000
001001
100011
001001
110100
010000
011110
100100
000010
010100
011000
010010
000100
100001
001110
110110
000010
010010
010001
111110
110010
101101
011110
010000
000011
100001
001010
011011
110101
110000
110011
011001
010100
000011
101010
001101
100110
001001
010101
101000
101110
110000
010100
000101
100000
101100
010100
110100
111011
001101
101000
101011
111111
001110
110110
111000
010000
100001
000010
111111
001100
111000
101010
001111
000010
010100
111001
000110
011100
101000
010001
111101
110110
110000
111100
000101
000000
100101
000101
111010
011100
001111
001011
001001
001101
100110
100001
000010
011111
001101
101010
000001
001010
010100
010100
100111
111100
100010
101001
101001
100000
011100
001010
000110
000100
000000
110001
000101
001100
001001
101001
110111
000100
010101
010100
100100
001011
011110
001010
011000
011100
010011
000011
110101
000001
011001
001011
000001
011011
000000
110010
011111
010001
111000
010010
001010
000011
010101
010001
010110
111100
001111
110000
010010
111100
111001
100011
101001
010011
100011
100001
110100
001111
011110
010100
010011
110100
010000
000000
110000
110000
101011
001000
010011
000000
011000
001001
001100
110011
010100
000101
100010
000011
111111
111100
000101
011111
001010
010101
100111
101100
111001
111111
000011
111010
000111
111001
100011
010001
000000
011110
000110
001011
001010
010000
110000
000101
100010
111010
011010
001100
001001
001100
000001
110010
111001
000100
100110
110000
111100
101100
010001
000110
000000
110111
100110
000010
011000
100110
110000
101101
110100
001100
100011
110001
011001
000100
111001
001001
000001
111110
101000
011011
110010
000111
100100
100101
110001
011011
100001
011001
011101
011010
000001
100100
010110
000110
101100
111010
111001
010000
000110
101000
000010
100001
101101
101101
101101
000000
000010
101010
101111
011001
000100
000100
111100
011001
100000
100100
011100
010100
010101
010110
000000
010110
000100
100010
000001
001001
101110
000000
011100
100010
010100
100000
001100
011001
010110
010000
111011
110010
011001
001101
000101
110000
100001
001000
010111
001101
010000
000001
011100
000111
100110
011101
001011
010001
010100
010111
101011
011100
000110
000001
100001
001110
101011
001101
100101
000001
111100
001001
001000
011111
110110
001011
101000
100111
010000
000100
110010
101010
000110
001111
010110
000101
101100
011101
010001
000010
101011
110000
011100
100010
000001
101110
110101
001000
010001
101100
001010
001110
110001
111100
001001
001111
111100
000000
111000
001101
000001
001001
000010
111000
010010
111111
001000
100100
110101
000110
010000
001100
100010
010101
001011
011010
000001
100010
111011
000000
111000
011101
000000
110001
111001
101011
100010
000010
100000
001110
111000
110110
001010
111101
111011
111011
000110
001100
010011
100011
101001
001010
111110
011111
001100
100110
110010
000111
001100
011001
011000
010001
001001
000111
000001
011011
001001
010100
011000
111011
000011
000110
011111
001101
101100
001011
111011
010101
111000
010000
100100
110110
001001
001000
010000
110110
000011
011011
010101
111010
000110
101000
010101
100001
110101
111010
011111
111101
111001
001011
000010
001001
100111
010101
010010
011011
100110
101010
001101
000101
000100
100101
001011
101010
011010
011000
011110
001101
101101
110110
001100
100001
011011
000100
010001
000110
111110
111011
100100
010010
110111
000111
010000
100000
100011
111000
000011
001101
110110
000001
101110
000000
000000
000010
101101
001100
000111
110011
110110
111110