101000
001000
001010
000100
000010
100011
100111
000111
001010
110100
100000
001101
101000
010000
111000
010001
101101
000010
010010
000000
110011
101000
001001
100110
100010
001001
110100
100001
101110
101000
101111
110111
000110
011011
010010
011110
000010
010001
100100
011000
011100
000010
101001
110101
100011
010111
001001
101010
001110
100111
111101
000011
100110
010111
000001
001001
001010
000100
101010
101100
011010
001011
100100
000101
000000
100011
000100
000010
101011
000010
001100
010110
100000
101000
101001
001010
011000
101100
001111
000100
001111
001001
011101
010010
000111
011011
101111
100001
001100
010000
101100
000000
011111
111001
111011
010011
100001
000000
010101
110111
000000
100111
100000
001000
001011
110000
100111
100000
100100
100111
000100
000010
110001
000000
011011
111011
101100
111011
100011
110100
001000
101110
111001
101110
010111
110001
110111
011101
101101
110111
011010
101001
011010
010000
001100
101011
100100
010110
101001
001100
111010
010010
011001
000100
001111
000100
110000
101001
011011
001100
010011
111111
111110
110111
110101
000011
110010
100101
000010
110100
111111
000000
100001
110001
111000
101010
110101
100000
101000
000010
011101
001001
001000
111100
111001
000000
001110
110001
000110
001001
000001
000001
111000
011101
000010
100001
010111
011101
101111
011100
001011
000010
110110
110110
010100
100111
000101
000011
000110
101011
111100
001101
010000
010011
001111
001101
001110
000101
001000
001111
001111
001011
001111
110100
100000
010010
100101
001001
001101
100101
111000
100011
101000
100110
110111
100010
000000
111100
001000
100101
001111
000100
010000
101010
011011
101100
010001
101001
000111
100010
010000
100011
001001
100001
111111
000010
010011
100000
010110
111101
100001
101110
001110
100001
100110
010000
111101
000010
001010
100000
000000
100011
001001
011100
010001
000100
100110
100001
011011
001100
010010
010101
010110
101011
010001
101000
100000
001001
111111
000000
001011
010001
011100
101110
011100
101011
010110
101000
011101
111111
000001
100011
111111
011000
000000
011110
011000
000001
100001
111100
011111
011000
111110
000111
001100
001111
001000
000010
111111
001010
101000
111101
000000
000001
001100
100000
001000
010111
010100
110111
111010
111000
101010
111011
111001
000001
010100
111000
010111
101001
100010
010100
001001
100000
111001
000101
110101
101000
010000
100100
011000
001010
110000
010000
000000
101010
000101
100000
011101
010011
111000
101000
100110
011000
101110
100100
101000
000101
001101
110001
111101
010110
011100
000001
010101
111000
011010
110100
000100
000110
000110
010010
001010
010011
011101
001000
101100
010000
001100
010001
111011
101011
111010
010000
100101
001000
110010
000010
110100
110010
100110
000110
111010
101001
110001
011000
111110
110110
000001
000101
100000
000010
000001
100101
001011
100001
000110
100110
011000
000001
011111
100011
111110
011101
100110
111100
100001
101101
100110
111101
001111
100010
010111
001001
110011
101101
010001
010010
001000
110100
110101
010001
000111
110011
100001
010100
000011
101111
110101
110100
010010
001000
010000
111101
001110
111010
000011
000001
100011
010010
001011
000011
011000
011010
100000
100001
011001
100011
110101
101010
100000
001101
100000
001101
001110
100010
100010
101011
100100
010000
001100
110001
100110
000100
100010
000011
011110
101010
111000
101001
101101
000000
010111
000011
001010
010100
000001
000000
101111
111011
011000
110100
010000
100000
101000
101000
000010
000101
111001
100101
110000
111001
001001
011100
000001
011100
001101
001000
000100
011100
101010
000010
110000
001010
111101
101010
011000
000010
101100
011001
000100
011111
011100
110111
100110
100011
100010
001010
010011
110100
111101
010010
111101
011110
100100
010111
100000
011000
111011
001010
101101
101000
001001
100000
010000
100010
110001
101011
110001
000100
110101
000110
010001
101111
001110
100100
000111
100000
100000
100111
001000
101000
000001
100111
010110
101010
000000
101100
111100
001100
010111
100110
000000
111100
111100
010100
000000
011100
011100
001101
011011
100101
001001
000010
000100
111010
001110
011100
110100
010000
000100
010100
100101
101011
110111
100110
010010
011101
100001
110010
110001
010010
010001
001110
011100
010110
111001
111001
011100
010001
001010
001000
101101
111000
111110
101010
100110
011001
101010
011011
110001
100101
110111
101001
000111
000100
111000
010110
111100
101001
100011
100101
011001
001001
010100
011001
001000
000100
000100
110000
001010
001011
100010
110101
010110
110110
010010
101100
001001
110101
001000
001111
010010
110100
000010
100010
010111
001110
111000
101011
101011
111011
010111
000100
111010
101101
010001
010011
110101
011100
011000
000001
000101
100001
101001
010010
010000
001000
011010
001010
100110
010110
001000
000000
101101
011010
101000
011001
101000
100000
001001
100111
001100
110001
101111
010110
001100
000101
010111
010010
011010
000111
101010
000110
011001
000111
000111
111001
100010
101111
010011
011101
011011
000000
100111
011011
110110
101000
000100
010101
100000
100100
000010
011110
110100
010000
001100
011110
000101
011101
111110
010111
100100
110110
011000
001001
010000
010000
100011
010100
100001
001100
101001
111101
010000
001111
100001
101111
110110
010101
100001
010001
010010
110000
111111
001000
100001
011111
010111
000000
011000
110011
100001
000010
100010
100111
010111
011100
101110
001001
111000
101011
001101
000110
001010
000101
100010
010010
010000
111111
100011
110101
001001
111100
011001
100101
011100
000101
101010
000100
011011
101100
011100
110110
000101
010100
010000
000001
001010
010000
100010
001111
110010
010000
000100
010100
001001
111100
011011
110110
100111
100001
110111
010110
100001
101110
000110
011000
101110
101000
000011
001011
110011
000000
010111
011000
100110
000010
101011
110000
110110
010010
010110
101100
000010
001111
010011
110111
101110
100101
101010
110100
100001
010100
110001
010000
000000
001000
001110
001011
110010
100000
000001
100000
011111
111001
001010
000000
100110
000011
001000
100001
011111
111110
000010
100001
001011
110011
111001
011010
111100
011001
111110
000100
100100
011000
000000
011001
010010
011011
010100
011111
010100
100010
110100
001011
101110
101110
111101
001000
001001
100000
100000
001100
110010
001100
000110
101001
000000
001000
001000
000110
000011
011010
101111
101001
100010
000111
000001
000111
010001
000101
111001
001010
000110
101000
010111
001010
000000
000110
000110
101110
001010
100111
010111
100011
001010
100101
111011
001110
011010
011010
111000
000001
111001
000010
000101
011100
011101
101100
001010
100101
011110
110100
010000
000111
001010
000011
001010
101110
000101
010101
000100
001110
101000
011011
001000
000110
001100
011111
101111
010100
100101
010101
010011
100001
101101
101101
010010
010001
000000
111010
011101
000011
100110
110100
111100
001111
000000
000101
110010
000110
100100
100000
100100
001111
100100
110010
010010
111110
101001
111011
000100
000101
010110
010000
010001
001110
011101
000100