101100
101111
100101
010010
001010
001000
000010
011111
000011
000101
010011
011010
101100
101010
101000
001001
101000
001001
011111
111011
111011
000000
100100
010001
011001
100110
110001
101000
101100
000010
101111
111101
000000
000011
100100
011001
101101
100011
110000
101001
110000
101100
111101
000001
001100
101110
101000
111111
000011
000101
010000
000100
011110
010101
010110
000100
000100
011100
011011
000101
011011
110111
110011
000010
010101
100010
110000
001111
111110
111001
110100
000101
000000
001110
000001
100010
010100
110100
000010
001101
100000
100010
110110
110100
010010
001101
001001
011110
010101
100100
100101
010000
000111
111100
100110
101010
001001
111011
100111
100001
100000
110100
010011
101101
001110
100101
100110
111001
110001
000100
010100
100001
100110
011001
111101
000011
100010
110011
111011
010101
001001
000100
000001
111010
001101
100110
010010
100011
101110
010011
100001
110110
011110
111011
000111
000100
100011
111110
001110
101000
010001
001010
111001
010001
111010
000000
111010
001111
100000
101101
111010
100000
101000
010000
100000
001110
111101
110000
010110
101001
111100
010001
111111
110101
001000
001001
001110
110011
111110
010000
101101
000111
100011
011110
110111
000100
011111
001010
000101
000001
110101
100010
110110
000101
101001
011010
010001
001010
101000
001010
011011
000000
110110
000000
010100
000011
111111
111001
100001
001010
100011
101000
001111
101101
001000
010010
110000
110111
110100
001111
100100
000000
010000
011110
010100
010100
101010
000100
010000
100010
101101
110010
010011
000100
001100
101001
111110
000010
011110
011100
110110
000111
001010
000110
001011
000000
001000
010001
101011
100011
001011
010000
110011
110110
000110
000011
011111
001010
010011
010110
001110
101000
110101
100100
100010
001010
111010
011011
011001
001010
100000
010100
011100
001111
110101
101001
010100
011110
111000
001101
110001
000100
001100
000111
000000
001011
011000
010011
100000
000010
111110
011000
000000
100001
001001
000011
001000
000110
001111
101001
110101
101011
000001
000100
000110
110001
000001
011111
101100
000010
111000
010011
001000
000001
001010
101101
110010
000001
110000
001100
011101
000010
011011
100110
110101
111001
000000
011000
000100
101100
110101
001101
100000
101000
101111
010000
101001
010000
100000
011000
100000
000110
110010
101001
100110
100011
000010
111001
000011
110000
010110
011101
101111
101001
011101
010110
000111
000110
111010
000011
001111
010001
011000
110010
110101
000011
110010
010010
101100
001110
010110
110110
010111
010010
110000
000110
101110
000001
001001
000110
010110
001000
010101
111001
100110
101101
000101
111000
100101
010101
000100
111000
010111
110111
011001
101011
010101
100000
000011
101100
010110
101011
000110
101101
000110
110101
010001
100010
001100
000010
110011
010011
001000
011011
011100
001010
110110
000110
100100
110010
100001
010101
111010
101110
011011
001100
001110
001100
110001
000000
001011
111100
110100
101110
000100
001001
000010
110001
011000
011111
011010
010010
110000
100100
101010
110001
001010
000101
111111
011101
011100
001001
010100
101010
001011
000001
011101
100010
000111
100111
100001
100100
111000
110111
111000
011010
001001
110001
000011
100100
000001
000110
010011
100001
001000
110101
001001
101001
101101
010000
011000
010000
111111
100111
010001
001011
010101
111000
000010
101010
000100
011000
111000
010101
000000
000011
110111
110100
010100
001110
010000
010111
011001
101100
110001
001100
001010
011101
101101
011000
000010
111111
000110
101110
111000
001001
110010
100000
111011
110100
000000
001100
111000
000001
011001
101100
001011
010110
011100
010000
000010
101110
000010
110101
001100
100010
111010
001111
001011
011010
110011
010110
100110
101011
000111
111110
100010
001000
000100
010001
100100
010100
000010
001010
101111
110000
011100
010101
000101
010010
110011
110101
010111
000100
010100
100111
110100
110000
101101
011110
000010
100000
010111
110001
010001
101010
110111
111101
011000
110101
010000
110000
100100
001110
101001
010011
111110
001110
101000
010010
100101
101000
110001
101011
101101
111110
101110
111010
001100
110100
001101
100010
100101
100101
010100
101100
101100
110111
001101
111000
011111
010000
000001
000111
011000
100111
000111
110010
100011
001001
000111
110100
000001
100111
111011
010101
011100
100001
010100
010100
110000
000010
100100
011100
011010
100101
110111
000101
100101
001101
011001
000100
110000
110001
010110
100001
000010
101010
101110
111000
101000
100101
001111
010010
110010
011111
000110
101100
111011
010001
100100
101110
111101
010100
110000
101010
111000
101010
101000
111000
011111
111011
010111
111010
001001
100000
101111
111010
010101
011100
010111
000011
011110
001101
010001
111011
110011
100100
000001
100001
100000
111000
001110
010111
011010
011001
101011
101110
011100
000110
111010
011000
100000
110010
111101
000001
100111
010001
001100
010100
001110
101101
010011
001100
100001
011011
011111
001010
000110
011111
010001
000011
111100
100100
000111
001001
111001
110011
010110
111101
100111
011100
000111
110110
100001
101111
111000
010000
100110
010101
010101
100000
000111
000000
000100
001101
110010
000101
011011
000011
100111
101100
010110
000100
000001
001110
010101
001110
010100
100010
010001
010001
011010
011000
001100
100010
001011
011000
100000
000100
010001
011100
100000
001011
010011
110100
100001
100111
110011
110111
101011
010111
000100
101100
001101
110011
100011
100010
011010
110101
111000
101010
100011
100100
000001
101100
110111
100100
111110
101110
110110
101001
100110
001000
101010
010001
101010
101110
001110
011010
111011
000111
001010
000011
100101
111011
000100
000110
010110
111100
000011
001110
101001
001011
101000
110000
110000
001001
100101
110010
011011
101100
100010
000100
100101
011110
010110
000010
100010
011101
111100
000000
101100
100111
110101
000100
100100
100010
011111
001111
000001
011010
010001
110010
010111
101001
001110
011000
001100
010001
101101
000010
100001
100110
001000
000111
011011
110001
100000
100000
111110
111110
001100
111000
010100
000101
000101
111101
001101
001101
101001
010000
100001
101001
111001
000001
101001
001010
000101
110101
111111
000100
000100
001101
010111
111000
000100
010110
110010
000000
110000
001010
001110
111000
001001
011101
001101
010100
101001
001000
010110
000011
010000
110010
100010
011001
011100
001001
100000
100001
110111
100011
011011
000000
000011
000000
111110
111110
001100
000001
110101
100001
000011
011010
010011
001001
101111
100111
000111
000110
101111
101000
000010
111101
100001
111000
101010
011111
010101
110001
110111
001001
110100
011100
110100
111001
100000
110100
110000
101111
010111
101111
100101
110010
111111
001001
101011
110000
000010
111011
010010
000010
101110
100110
010000
011011
100101
001101
010001
000001
000011
100010
110011
001101
100010
101000
000110
001100
110111
110000
000010
110010
100001
110000
101010
110111
001110
101001
001011
101100
000101
011011
001101
011000
100110
011101
111101
010111
010000
001111