111001
010000
001001
011011
011001
111000
010011
000001
101011
100110
011010
100101
010001
100001
110010
000000
101101
010000
111000
100100
101000
011011
000011
000111
001111
000000
001010
010111
100001
000100
100001
001100
101000
100100
010010
110001
010101
011111
111100
001110
001101
110000
000001
011110
111001
100101
100011
010110
000101
111110
010011
010000
001000
110100
011101
110101
010101
010100
100000
010111
001111
000000
010101
101011
001001
000000
110000
000001
100010
010000
111000
111110
010101
011111
000100
100110
110111
000110
111001
011011
101101
010111
000100
010001
011110
001110
110000
100100
100111
100010
100011
100000
001010
011011
011010
001111
010010
001000
001000
100000
110001
101001
111010
110010
110001
100010
011001
101100
110100
011110
001011
110001
100001
000110
100000
000010
011010
100111
101111
011110
000000
000100
110110
000111
101100
101101
011001
100111
010010
000110
010011
111001
010010
000011
100100
111000
101001
010111
000000
010010
011001
111011
111001
100110
111101
110000
000010
110110
000000
111001
111100
100110
001000
111111
011001
100010
010000
101110
010111
010001
010100
011000
100000
011111
010100
000101
101100
011001
111011
101011
001011
011110
000110
011001
110011
101100
000101
111000
010001
010000
101011
100000
010000
110001
101000
001111
101001
001100
001010
000011
010101
001111
101111
011010
111100
001110
001011
010000
010100
011110
010111
100001
111000
000110
010111
100011
000010
100100
111001
010001
101100
000100
010001
100100
100000
101001
010001
110010
110010
001000
011100
001110
010010
100001
101010
000111
001110
001011
001000
111100
000110
000110
010010
010010
110001
101101
110000
111001
000000
000010
000000
000111
001101
111011
001000
011000
111001
011010
110000
000000
000000
010010
010100
000000
101000
010010
110010
111100
000000
110001
000010
101010
000010
000000
011111
010011
111100
011111
110001
111010
001001
110101
000101
110000
010101
101100
010101
000010
111000
000001
111110
101000
000111
110001
101001
100000
000011
110110
110101
111000
010001
100101
100001
111110
011000
100010
011110
111111
000111
100010
100010
011100
001110
110100
110101
100001
100011
100000
101010
110000
001101
010100
100111
010111
001000
010001
101101
111101
110111
011100
111000
000111
010111
101100
101110
010110
010101
010000
010000
100011
100010
001011
000100
111111
001101
001100
010100
100100
000000
100011
110100
000101
111000
111011
011010
010101
111010
011110
010000
010010
010010
000100
001000
110000
000010
011110
001011
011011
000111
101001
110000
001011
000011
110010
010000
010100
000110
101111
000110
101010
011000
001100
010100
110011
110000
110010
000101
101101
100111
111111
110010
001010
101011
111010
100011
000110
100100
010001
110010
000001
010110
101111
010111
011011
001000
010100
110100
110110
100100
001111
001100
110011
110001
000010
110001
101000
101001
001101
001010
010111
111000
100001
001101
101101
101101
110000
101011
000100
011011
001001
011000
110110
101100
111111
010011
010100
101111
011000
101100
100001
101100
111001
000011
001100
110100
001110
100100
000010
111001
100001
010001
110011
111000
010011
101101
110001
011001
101100
100110
000010
000101
100001
011000
000011
001100
000110
111011
011110
000001
011001
001000
100010
110001
101111
010110
011100
001011
110100
111001
010110
000010
011100
001100
010010
011000
001111
000010
101011
111000
101001
001111
001101
100111
100010
011000
100011
001001
001100
001010
010000
000001
100001
100110
101101
000111
110101
111001
111000
001010
000111
011000
100010
000011
111001
100010
101100
100101
000001
001100
001101
100111
011001
010000
000101
010000
001110
010111
000100
010101
010010
100101
111111
110010
001010
110011
001100
000000
010010
010000
011110
110001
011011
100100
000100
110011
101101
001100
101010
000100
000001
000101
010111
010111
100001
000110
110110
011001
010100
000001
100001
100000
011011
101101
110011
110111
010010
100101
010000
010110
101000
100011
100000
011010
011010
011100
010011
001001
010000
001011
101001
010100
000000
110001
101100
110000
001101
110110
101110
001110
100110
000111
111001
110010
111011
011000
001011
111100
001111
001111
000110
110000
000101
100011
010010
010011
100000
100001
010101
000001
011111
100101
000000
000010
101001
011010
100101
100101
000011
101001
101010
001111
000011
100001
000001
100101
101001
110100
111000
100111
000100
000000
010000
011001
000000
010000
011000
001111
111000
110101
010010
000111
100010
011001
000111
110001
100100
110001
110011
100100
010011
000100
010010
011010
010000
001111
111101
111010
001010
010010
000000
010000
110011
110000
010000
101000
111000
001111
011010
111000
111010
000000
000101
001101
101010
001011
111100
100010
011000
011100
110101
110001
010001
000111
101010
010111
111000
000000
101010
100000
110011
000001
111011
001101
110000
100101
011001
100011
001110
111100
000001
010111
111101
011011
001010
111101
101111
100011
101110
010111
111011
111011
000010
110100
000100
000010
001010
001001
011110
100111
111000
000000
011101
100001
000101
101100
000101
010101
010010
110110
111010
101000
001001
011110
011011
111111
101000
110001
011010
000011
110011
010110
000100
111010
010000
001101
100101
001001
110000
000101
101111
011000
111001
111110
000100
001010
011111
100000
010010
000000
000100
100101
101100
101000
110011
010010
011111
000010
100011
011100
000001
100010
110101
100001
110010
001001
010000
101000
010101
000111
111101
111100
000001
101111
010010
101111
110101
010100
011101
101100
101110
101010
001110
100010
101000
000101
001010
010001
111110
110010
000111
100101
000110
100000
001101
011010
010001
010100
001000
111110
101011
110011
001101
110111
000011
011010
010101
001010
001010
101101
011101
010000
010011
000110
110011
100001
001001
011001
001010
010100
001001
011111
000111
001000
101001
001010
000001
011000
001101
000000
110110
011111
101101
111010
000100
000111
001110
000001
010001
100100
100101
100100
001110
001010
110010
010011
101011
100001
010011
101100
011000
101011
010010
111101
000000
011001
000100
001011
011100
100110
111001
001011
100010
101000
000001
001001
010010
010101
011100
010111
110010
001010
100011
000001
111110
011101
110010
010100
000110
001110
011001
000000
101001
100111
101111
100110
110101
000100
110110
010100
011101
001001
010000
010001
001000
000011
001100
111000
000100
101111
001011
111010
010101
010001
111110
010001
110010
100101
011011
111111
010100
010110
101110
111011
100110
001100
110110
110001
001011
111010
011111
100010
010111
100001
001111
111001
111100
111100
111110
011101
111010
100001
111011
000110
011011
000100
000101
111100
111011
011110
001110
010010
111100
000100
010100
011111
111001
001101
101001
010100
110111
101001
010100
010011
110101
010011
101111
000011
011100
011001
010011
100000
100011
010111
111101
000111
011101
101001
000000
101101
011001
111111
011000
001000
000101
111110
000110
111100
101100
010000
001000
101010
001000
111110
000100
001011
100010
000010
011100
011010
000000
100001
101100
001100
101110
000010
101101
101010
010010
001110
001100