100000
011110
001010
110001
011010
011010
011010
011001
011001
000000
110010
011010
100001
010110
100011
011101
000110
001000
011100
011110
000011
111111
010111
100101
100000
001010
111100
110011
010000
001000
101001
011101
111010
001010
000100
110111
011100
000110
010100
100111
100010
100111
011001
100011
111101
001100
100010
110101
011010
000100
001100
101000
100110
000110
000101
101110
000111
010000
011101
100010
000110
011110
101010
010000
011100
101001
100000
100000
010000
010110
100000
001001
100000
001000
111000
010110
101001
110011
101100
001000
000000
001000
111010
100101
110000
111010
010010
000010
011000
010100
010011
001111
000001
100001
111010
100011
000110
010000
001000
011111
100010
000000
101010
000000
000011
011001
000101
010100
111011
001100
101001
000001
111100
100100
100011
101001
001111
000001
000001
011101
011101
110011
101010
010100
000000
001010
101111
011100
010100
110001
000010
001010
011110
000010
100101
001010
000100
010101
100101
111001
110001
000101
110001
001110
110000
010011
011000
111010
000101
001010
011100
001010
111000
011011
001110
110111
000110
011000
110001
111000
101011
100111
101010
010010
100100
001110
000001
111111
110011
010111
100110
000010
011011
010010
010101
100100
010010
101011
000010
101110
001100
011110
110000
010010
000011
011000
100001
000001
000101
000110
100000
001110
010100
001001
000101
101110
101000
001010
000100
001001
011100
101101
000100
011011
101000
111100
110000
010011
111011
010111
100101
011010
000001
100010
010011
001011
110011
000111
001000
110101
101100
001110
101101
010000
100001
100000
010001
110000
111100
100010
010100
100111
111001
000000
011110
101100
100100
111110
110000
011110
101010
011100
000110
000011
010001
110000
001001
100010
111000
101011
001101
100101
000000
111011
101010
101000
100101
000100
110001
101000
010101
011100
010010
001111
110001
110101
100000
011001
100010
011000
000110
110110
000000
010101
100011
011010
111011
110110
000000
111000
000011
100000
111110
001000
001111
101101
110110
000111
101110
100010
000110
010110
110010
110110
010101
110110
011011
011011
100000
011001
011110
011011
001110
111000
011100
110110
000010
010001
010100
000111
011010
100111
011111
011001
000011
010011
100110
010000
100000
010101
101101
100110
001011
101000
001010
110001
011100
100010
100100
011011
000100
101001
000000
011110
110100
001010
010110
000000
100110
001110
000011
101010
000110
100011
000000
101000
010101
101001
100001
011110
010100
110000
101100
000001
010111
101001
000110
111110
010000
110001
000000
111001
100000
110001
011100
010011
010101
000110
001000
100011
100000
001111
001111
100100
101011
000100
100101
001111
010110
000100
000001
000010
011101
001011
100001
110011
010101
011100
011011
101000
010100
100100
011101
011110
000010
100110
100101
001010
011100
110001
001011
101001
100001
010111
000000
100000
100011
010001
111000
110100
000011
000001
011111
000011
011100
000001
000010
101001
101111
001010
001111
000110
001000
111001
000101
001111
111111
000000
010101
101010
001000
010000
111000
100100
011000
100011
000010
001000
100000
011101
011010
100000
100010
110101
001011
001000
011001
001001
001010
110111
101100
011011
111010
111011
011000
010001
010010
010101
000010
101001
011111
100110
010000
111011
000011
000010
110101
011111
100100
110111
001001
101101
111000
010110
100111
001000
000011
000000
000111
100111
000101
110001
010010
111010
111010
110010
011110
011110
010000
110111
101110
011011
001101
100001
000011
000001
000110
000011
000000
100010
100011
110110
001011
000001
011000
110010
001111
110110
010100
010101
100101
001101
110001
111000
000010
010000
000111
000110
000011
001100
100010
001011
000111
110000
111010
001001
010001
110101
101110
110001
100011
011000
001001
010000
000110
110000
000011
010101
000001
011010
110000
110011
101101
101100
001110
101011
101100
100100
000000
101110
000011
010111
010010
100010
111011
000101
000000
000011
011010
110000
100010
010011
001000
001100
011100
010010
101101
101100
111000
011001
000111
001101
111111
111011
100111
110111
011110
010001
011010
100000
100100
000011
011100
110110
000010
001100
111100
011111
111001
011001
001010
111000
100110
000100
010101
000111
110010
010110
110010
011101
011000
101100
000001
011001
011011
001010
110000
010010
001000
111010
111001
111101
110110
100110
011101
100001
110110
001010
001001
001011
000101
110011
101000
011001
100110
100001
000111
011000
001100
100111
011000
010110
111011
101000
001010
000101
010000
010101
101101
000100
001001
011110
011011
000101
000101
000001
010000
110011
011000
100000
010010
100000
011100
111101
010000
001111
000010
110101
000010
110100
100010
000000
011001
010001
010111
101011
001101
101111
000110
010010
101011
001111
000000
011000
101101
000011
010110
010001
111000
100010
000111
011110
010001
100000
110111
100000
011111
101101
111101
100110
101001
111110
010011
011110
100101
000011
011000
010101
110100
000001
110110
101000
000000
010011
001010
001101
000000
111100
000011
000001
100001
001101
011011
001010
010010
000001
001010
000101
011000
010110
000001
110101
111110
000010
010011
011001
100101
000110
010000
011010
000011
110000
000000
000110
110010
111000
000011
001011
100101
000000
101110
011011
001001
101000
001101
010101
101111
111100
010010
000010
010100
000001
000100
111100
011001
000010
100101
100100
110010
100110
011110
001111
111011
101110
100000
110011
110010
100011
000000
000010
000011
000011
000101
100010
001101
101111
011010
100011
111001
010010
001010
101100
000110
011100
001000
100101
110101
011101
001100
110001
000001
111001
010100
101011
111110
010000
011010
001101
100001
001101
000100
010000
011101
100110
110100
000010
101001
011000
100011
010010
001100
110000
001110
000101
111100
100101
110010
111101
110010
010000
011110
000010
011100
111000
101100
010110
011111
000110
000100
001000
111110
101100
011110
000100
000100
111111
101000
111000
001101
111101
010010
010000
010110
000101
110010
001101
100001
000100
100100
101111
011110
001110
011100
100010
011000
100111
011101
010111
000100
100100
011101
101110
010010
001100
001001
001000
101011
011001
110110
111110
101101
010011
001111
101100
100010
101011
100011
001001
001011
011111
010000
010010
001011
010101
010110
010100
100010
101000
100101
001100
001111
000011
100010
011001
001001
101111
000011
111100
110101
101010
101000
111010
001111
110110
010101
011100
010111
100000
001100
001101
011010
010000
100100
100111
010010
011111
110100
111000
101000
110001
110010
001011
111100
010100
000010
001001
110100
010110
001101
101010
110110
111100
101000
000110
001011
000011
000110
100101
001111
101010
100111
100110
111001
000010
101010
000010
001011
100011
001111
000000
110111
010111
001000
110100
101100
011110
111010
001010
000010
011110
001001
100001
110111
010011
110111
100011
111100
011011
010001
011111
000001
100110
011000
101111
110010
010101
000110
001100
101111
011000
111110
001010
100100
001001
110010
011111
101101
111100
110001
110101
010100
000011
101001
001100
011011
101000
001101
011010
110111
101010