100100
111000
111011
111010
000111
000110
110101
001010
101011
111010
001110
001001
100110
001100
000100
011011
100010
111011
111010
101001
110001
100110
010111
100000
010100
011000
010110
000101
101011
001010
110011
001010
001100
010011
010011
110000
100100
101101
110110
000000
110100
010101
110011
000101
010110
100111
100100
111010
011110
001110
000000
101100
000110
111100
011011
111100
010011
000011
001111
110000
000000
001001
000000
100100
100111
001011
011000
100010
000001
101010
011000
110010
100110
000111
100100
110100
010010
010000
011001
000010
001000
111011
101010
101011
110100
011000
000001
011011
101110
100110
000110
110100
101111
111100
000001
101110
011001
000010
010111
100100
100010
111101
100110
011010
110110
111111
110010
011101
100011
000101
101000
010111
000001
010011
111000
101110
110010
100000
011001
000011
001000
001001
010101
100010
101001
100011
010110
010011
100011
100101
000101
100000
000110
010011
101011
100001
110000
111000
010111
011001
101000
111110
100110
000100
111011
001010
101011
111110
011100
000011
001010
000001
011110
000111
101101
000010
111110
110000
101011
011010
001101
001100
001010
000011
010101
100100
111111
110101
111001
000111
001101
100100
001110
110011
010001
010000
000001
000010
101100
001111
110010
001000
000100
000010
000100
010100
110100
111111
111110
000010
000110
000011
001000
010010
001111
010001
010100
010100
101001
011010
000000
011000
000000
000101
101000
111000
010001
010110
010111
101011
010110
001011
101100
110001
101100
110100
011110
001100
100001
001111
100010
011101
101011
101101
010100
110110
101001
101001
100011
000111
110110
110001
110100
111101
101101
101101
010011
000001
110001
100000
001010
000011
000001
101101
010101
110001
101000
001101
011011
110101
110101
011011
000010
110000
011001
100100
111011
011011
110100
011101
010100
100111
010000
010111
101010
000010
011100
011110
100011
011010
110011
110010
101011
000011
001110
110001
010011
011101
000001
000000
111100
011001
010011
101100
111000
000100
111101
010010
011011
010100
110001
110010
011001
110101
000011
000011
010101
000111
011101
010011
011100
101000
010010
101001
100010
011110
110110
011000
110100
110001
101001
010101
100100
100110
100111
100010
100100
101001
111001
110010
001001
001100
010101
101001
001010
011001
000101
101101
110001
001110
111000
010100
010111
101111
011000
111101
001000
011001
110011
011000
000111
100100
100110
101010
100101
011011
110111
010010
100100
110111
111110
101111
010100
101101
011100
001010
010011
101101
010001
101100
001010
111001
100011
101111
101010
110010
110001
010000
000010
100101
100110
101111
010000
101110
111010
110011
001101
110010
010001
010001
011110
110000
111110
110100
101111
111100
100111
101101
001001
001110
000110
011010
000100
001101
100011
010011
010101
111100
100111
100010
101111
100111
111001
110001
010100
111010
010010
011000
111011
100101
110101
100111
111001
000011
000000
000111
101000
010100
001011
001111
011001
010100
011011
010001
111000
011011
100101
101110
111100
101100
101011
001100
111110
110000
010101
001000
010010
100011
101101
110000
100010
110101
100000
010010
011000
011000
011101
000011
100000
100110
111001
111010
110111
000001
111101
001110
010111
000010
100100
101001
010010
000111
011001
101011
000010
001011
000001
001111
000110
110000
001100
101110
110101
110100
010101
010100
010100
001010
111101
010011
011110
100000
001000
010101
101011
010111
010110
111111
000001
100100
101000
001100
011101
101101
111100
001011
010111
111111
110010
010111
101001
000010
110110
101000
000111
100110
110100
000100
001110
000001
011110
010110
110010
100100
000001
010011
111110
101110
000010
100110
000010
010011
000011
011110
000101
110100
000110
100011
000101
100001
001011
011010
000000
110000
000101
110010
111100
100110
100110
101110
010011
001000
110011
000111
011111
101001
011110
100011
010110
010110
001100
010110
000100
000100
011110
011110
000100
101100
000110
110000
011000
011001
011001
110101
000100
100010
100110
111001
001011
001000
011111
101000
000011
101110
100011
001111
111111
110010
001001
000001
000100
010001
000000
000010
000010
000000
000100
000011
011010
111000
000010
110100
001100
110000
100001
101000
000100
000100
111101
001001
110111
110010
000001
001100
111011
001110
110010
111001
010011
011001
010010
010000
101001
110011
110000
000011
110011
001001
011111
100011
100010
110000
110100
011110
101110
010000
001111
000100
100000
100110
001100
011010
110100
111000
110110
010010
011000
111100
000001
101010
101111
010101
010101
100010
001001
000110
100101
010100
010100
100010
011000
000001
111100
000100
110011
110000
110011
010111
101110
011011
101000
101010
111100
010010
011011
110100
111011
010000
101100
000110
100111
000001
011100
011110
000011
011101
010111
001001
010010
100110
001000
001101
001000
100011
000010
111110
000000
101011
101000
000110
111001
001110
010101
101111
110010
000000
100010
111000
010101
001001
101110
101011
011000
000010
010000
001111
001000
010001
110111
000100
010110
101101
100010
111010
000010
011000
111011
010100
010110
010011
000001
100000
110010
110011
010110
010100
101010
010111
110000
100000
001101
111001
110000
111000
010011
111010
100100
101100
010000
111001
011111
001110
001110
011111
000111
001110
000010
000100
101001
111110
010000
111011
010000
011101
101101
110000
011101
010001
000100
001010
101100
101111
111011
001110
100111
110011
111100
011110
010110
100110
010110
111100
110011
010101
101111
011110
011001
110111
001011
111011
010001
110101
111110
110101
111000
101000
001000
001110
011010
100100
111001
110101
101000
000010
010011
000101
011110
001101
001111
111000
011101
110011
010100
111010
000000
111001
101100
011001
110000
000111
111110
101000
000001
111111
011110
000000
110000
000101
011111
110010
101110
011011
010001
110000
101010
001100
101001
001000
100101
110100
100101
010101
000101
011010
011010
001001
001011
101000
011000
011011
010011
110011
000000
111110
011110
011100
110011
101001
001110
011111
100001
010000
010101
000010
100100
001010
001100
010110
100010
110010
001001
101010
001101
101110
111000
101101
010001
011011
011100
001100
001101
100100
010000
111110
111011
100000
010010
100011
110101
010010
000000
010110
011011
101111
000100
000010
011001
100111
100001
011000
101111
000001
110011
000000
000001
101011
100110
111001
010010
011101
100000
110100
100110
000010
001000
110101
011001
111110
001111
000100
011000
111010
011100
010111
010011
010101
100110
110010
100001
010000
000111
010010
000011
101000
010011
011001
101011
011001
000111
011001
011001
001010
010000
110111
010101
101110
111011
111101
101100
100000
000001
001111
011010
101001
101010
010101
100101
001110
100011
000010
110101
111001
110101
001100
001111
000010
110000
101101
001100
110001
001001
110100
101011
000110
110010
111111
000010
001001
110100
101100
100000
111110
100110
010111
001000
110101
010101
100010
010011
000011
011100
101111
000000
010000
001011
111000
010100
010010
110111
010011
101000
110111
101011
111101
011000
010100
011101
001001
110001
011000