000001
011100
110011
100000
100111
001000
110101
001100
011010
100110
000110
101011
011110
001100
001100
000101
011000
101000
100000
101110
000100
001000
001001
110100
011010
110110
010010
010110
011100
010000
100011
001101
000010
100110
000000
010001
001001
010001
010100
010110
010001
000111
011101
000000
110100
110011
100110
100000
111001
100100
100010
101110
101101
100011
100111
100000
100001
111100
101000
100110
010010
000111
010000
010000
010101
110000
000101
001001
010100
011100
111111
000010
000000
000100
101110
001001
100011
101100
010011
101101
010011
110000
010000
011011
111110
011110
110010
010001
100110
100110
000000
110011
001110
000000
100000
000001
010001
001111
001001
101101
000110
100100
000011
001000
101101
100111
110100
010010
100100
100000
011001
011011
011000
010010
111110
101101
001000
000000
000100
011001
111000
000111
000000
111101
011001
101001
000100
001100
001100
010000
100011
010010
110010
011000
001110
111010
100010
111011
010010
000000
000101
111000
101000
110001
000110
010101
000000
010000
001000
000010
011100
110101
100000
000011
000001
100111
000100
110101
111010
101000
100010
110100
110001
000010
110000
101001
110011
000100
000101
000111
011011
011010
101001
110010
001110
001010
011001
010010
001000
000110
000000
101111
011110
010001
011000
110000
001100
011000
001011
010011
001011
000111
011111
010111
101110
101110
100010
000100
100000
010110
100110
101000
011101
101011
011110
110001
101101
101000
010110
001010
010001
111001
110000
101010
010101
100001
100011
000011
000001
001100
010001
011000
010101
000100
100011
010100
000110
000100
110011
101110
110111
110001
010000
100011
111010
010100
101010
000000
101001
100110
101000
110001
101001
001100
110101
010110
010111
010000
100000
110010
100000
011001
010001
010010
001110
100000
000101
000010
100001
100011
000101
001110
111110
010001
001010
110010
101011
111100
001101
011010
001010
010000
001000
101100
010100
001100
111000
001000
100001
101001
100110
111100
010100
010000
100100
010101
011010
000101
001000
111110
101000
001111
000000
001010
100110
001001
101000
010000
001010
101001
010001
011010
110110
110111
000100
001111
101001
001000
110100
000000
010011
011110
110001
110000
000000
011001
100100
101111
010001
110000
001100
011110
110010
101001
000100
110011
101011
000000
001110
111100
001000
001011
101111
100100
100100
000011
000100
000000
101100
000110
101101
110101
001111
000011
010001
110010
000100
010000
001111
001001
101010
100010
011000
101101
111010
110111
001000
000110
000101
000000
001001
001001
000000
101101
110010
000100
011001
101100
011000
000000
010011
011001
011001
010100
000011
100111
100111
101110
011000
100100
000010
010101
100011
110011
110100
100001
100000
000110
010011
011110
100101
000011
001010
110000
101110
100101
000110
000111
100110
000000
110100
001011
110001
010000
011110
001111
101000
100001
100001
000000
000010
001100
100100
000000
010001
110010
001000
000000
010001
001110
010111
100011
100110
000100
001111
010000
100010
000011
101000
010100
100001
110010
000111
001001
000000
110010
000011
010100
010100
001110
100100
111100
011001
000100
010101
110011
000011
101111
100000
011001
110100
001100
011100
100000
100000
000101
000000
001101
010010
101100
110000
001001
000011
100010
000110
000101
100110
000000
010100
001001
101101
011001
001110
001110
001100
100100
100101
100000
011110
010101
000100
000110
001000
000101
010001
100000
000010
010101
110100
010100
010000
100001
011100
011110
001001
001111
100010
000011
000001
100000
000100
100010
100101
101000
100010
000110
000001
100001
110000
000000
101001
100010
110100
001111
111010
000111
000010
100001
001111
010001
000100
111100
001110
101111
111100
110000
100000
000010
010010
110100
000001
001101
000011
100101
111110
001001
000101
000010
000000
010100
011111
000010
000010
000011
011111
010010
010011
001001
000010
001011
001100
011010
110111
100010
001100
000110
100001
110000
101001
000010
000111
010010
101001
110010
111000
100011
000001
110000
000001
100101
101000
011010
010100
000000
000000
010010
010001
100011
100000
000100
001010
000110
001100
001111
011001
111000
100110
100000
100110
001011
001100
001110
000001
101010
000011
010100
011010
100010
000100
101110
001011
000001
000010
110100
110100
010010
000010
101100
001001
010100
011100
000011
111000
100010
000000
001000
000010
001001
100000
001000
011101
000111
010110
001001
000001
011011
100001
010011
011111
000110
010110
100100
100000
101010
110001
000110
010100
100110
000000
010111
001000
001000
100110
010011
100100
010001
000010
011111
000010
001101
000011
001000
000011
011100
111011
010000
100001
000011
100000
010001
100101
010001
100110
011001
000100
001101
100101
100110
010010
000000
111000
001100
101011
000001
010100
000001
001010
001011
110101
111010
100100
110000
001100
000110
100110
101111
110000
100011
000011
001101
000010
111101
101101
001100
010011
011000
001000
110010
111001
110001
100000
100011
101111
000000
001101
010010
100101
110000
000011
011100
110101
101010
010100
111000
010010
010000
000111
011011
100001
000010
110010
010000
000000
100100
011001
001100
010011
010000
010100
010111
000000
000000
011000
000111
000001
100010
010010
000000
001110
100100
001010
111010
010100
110011
100001
001101
100000
000000
000110
010011
000010
000100
110010
100011
110000
101101
110110
000000
100100
000011
110011
111001
011100
101001
000100
011011
100010
100010
001001
001001
011000
110101
111100
000010
010111
001000
101000
001011
101101
010001
110001
000111
010110
011000
000000
000010
001001
001010
011000
010001
111010
001000
100111
111111
100011
100010
001000
100110
000010
101110
000010
010100
011100
100000
101001
100101
100000
101110
011011
001100
000000
100000
001000
110100
001100
001101
011101
010010
100110
010001
010110
011010
000000
011000
011111
000001
001000
011110
000101
001101
001110
010011
100011
101000
101000
011100
111001
100010
001010
001010
010000
100000
000000
011110
010101
000101
110011
011110
010000
110001
010110
010000
100111
000100
010110
110101
100000
110000
100111
100100
011001
010100
000110
010001
011010
010010
100101
111100
000110
000110
000001
010011
001111
000010
000000
010101
010110
011000
101010
001111
000010
100100
000101
011100
001001
000101
000010
100001
010010
101100
111101
010111
011010
110101
000000
000001
000100
001110
101000
010100
010001
100001
010000
000011
100011
000001
001110
000101
001000
101100
000000
100001
100100
010001
111000
110010
001101
100001
010001
100100
110000
000001
111001
100000
100100
001100
000001
000001
001010
000011
110111
110000
000100
011101
100001
011000
001110
111000
010001
011000
011101
101001
000100
010010
001000
011111
011100
110100
110011
101010
100101
101000
010100
101011
001011
001110
101001
010010
000001
000110
010001
111100
000001
101100
110111
110001
000000
000000
001010
000001
001010
010000
111000
011000
111000
010000
010000
001000
011011
011000
101000
010100
001010
010000
001101
000000
010011
001111
100000
100010
001100
100100
111110
000110
011001
110110
000000
011011
001101
101101