000100
000111
000000
000101
010001
001001
000011
100000
000000
000000
111000
010010
000001
011000
011000
101001
101011
111000
011110
000111
100000
011000
110011
001000
000010
010001
101001
001111
110101
000111
001001
000001
011010
010100
001011
001001
000110
011100
010101
101001
010010
001011
001011
010111
001101
000001
001000
111011
111011
010010
000001
011011
000111
100010
101000
000001
100011
000110
011100
010000
001110
100100
010011
001011
001000
010011
101110
110000
101000
011111
100000
000001
110010
010000
100110
111011
010001
100000
011100
100100
101000
000000
101001
101000
011000
111111
010101
011001
000001
000111
000001
111001
001001
101000
110011
111011
001101
001111
111110
001110
111000
100110
000111
101000
011010
111100
101010
100011
101111
001100
001101
000100
100010
000010
000110
101111
010100
011010
111000
101110
101110
000110
011100
110000
000111
100001
000001
101100
011100
100000
001011
000101
000000
010100
011100
111000
001000
010100
011110
100101
100000
000010
110000
000110
000001
111010
001101
011001
001001
000011
000000
100110
111000
001000
100000
011000
010010
101100
010010
000010
101010
000110
101000
000001
101000
010000
010011
000111
000111
100010
100001
101001
100001
000011
000101
110100
000000
001011
010000
100000
001101
001000
000000
011101
101100
001000
010000
011110
110001
000011
100100
101100
000100
000010
000100
010001
001010
011001
010011
001000
010100
110011
110000
100001
010010
011110
001000
100100
111100
001000
111110
010100
010000
011100
111100
110000
001100
000000
100001
100010
101000
100010
110110
000000
100100
100100
011101
010111
011100
100101
010010
100100
111111
110111
101000
000101
111010
000000
100001
100100
011010
011111
100110
001111
011000
010000
001101
100010
001111
011010
010100
110110
111010
000110
100010
110000
011100
101111
001000
010000
011101
111100
100110
111000
110100
100100
000100
010000
100101
100011
000110
101000
000111
110000
100110
000100
000100
000100
000010
100001
011000
000010
101111
111100
101100
100011
010000
011001
110010
000100
011000
110101
000010
101110
000001
110000
000101
010101
011100
000100
010101
000110
110010
100000
100011
010001
010010
100011
111100
111010
011110
010011
000100
000001
111001
010010
100111
010001
011001
010001
110001
010010
100100
111010
101000
011100
000001
001011
011100
100101
000111
100100
010011
111001
101010
001000
100100
011001
010100
000010
010110
000000
000010
011101
110010
100011
010011
010010
101100
110001
000000
001001
001011
000101
011100
010101
100000
000000
000000
101101
001000
000011
100111
001011
001101
000100
110001
010000
000000
000000
011001
011010
101110
110110
000000
011000
001100
110011
100111
100100
000010
001010
100110
111010
101000
001000
110101
000010
000100
001010
000010
111000
111101
000010
101010
001010
010110
100010
010101
100100
010110
111110
100110
101001
010010
100000
001000
111111
101000
010000
100110
000100
110010
001010
001100
011010
000100
000011
010000
101100
011000
101010
000111
000010
111000
011010
000000
010010
010101
100000
010101
000110
001100
000111
111101
000111
100010
001101
101001
100100
001010
011010
000010
110001
110101
001001
011001
011111
100110
110100
000010
011000
001100
000111
010101
001000
000011
001000
000011
101000
010000
110100
000100
001110
010000
110100
100100
000000
100001
001111
000100
110100
111111
001101
101011
000010
100100
000100
000000
100111
000001
100010
110101
000001
010001
000011
000100
010011
100111
111101
001100
100011
111000
100111
100000
101000
111001
100001
001001
100010
100011
000101
100000
100000
101110
100010
010000
011000
100100
100010
101000
001011
111101
010111
001000
110010
010011
100001
000001
010010
010101
000101
110000
100100
011111
001101
010001
110010
101111
010001
110000
000000
010000
101100
001110
111111
111100
001100
100001
000000
100100
001111
100110
011101
011010
010000
100000
010010
110000
000010
000100
010000
000100
100010
001100
001000
010010
010101
001000
000100
101110
101000
111011
001010
100001
100101
001101
010011
111000
101000
010010
000100
000100
101000
010010
000011
001111
001000
000001
100111
100010
110100
011000
100000
101000
101000
010000
000100
100010
001000
011001
111110
010001
001110
010100
011100
100001
111001
001101
101001
101110
011101
000010
010100
001000
001101
101001
101010
001101
011010
100001
110010
111101
000000
011000
010010
000000
100010
101101
000010
110001
011000
111011
101000
011110
010000
111001
100111
011100
101111
000100
001101
111010
001000
001010
101000
000101
100110
001001
011011
111101
110011
000000
001111
000100
101101
110110
011101
000101
010101
011010
001000
110110
001000
011101
100111
010010
000011
000010
010000
010100
000100
100001
101010
111010
100010
111100
100110
111111
010001
111101
000001
100010
000101
010101
000111
001010
010100
100100
100010
001101
111000
000001
010101
110110
001000
101011
010011
110100
111000
111010
110101
101001
000101
010000
101000
000001
000001
100010
111010
100000
010100
011011
001100
001000
001010
100011
100011
110100
001000
000111
000100
100001
011100
100000
010000
101101
001001
001111
000110
000010
100011
000100
101100
000100
110000
010010
001000
110000
000011
100011
101001
101010
010100
010010
100100
110000
100010
010011
110110
001000
000000
100010
100101
100101
100100
100000
000010
110010
000000
010111
000100
100001
101000
001100
101000
110101
000001
011110
011011
011010
010010
000101
010011
001101
001100
000011
000110
011100
011000
001100
101100
001000
000001
011001
010000
010001
000110
001011
100000
000010
001100
101011
011101
110000
000000
110100
111001
001011
011110
001101
011010
111001
111100
001000
101000
000010
100001
000011
001000
000101
011001
001000
001111
011011
001011
000111
110101
000000
010001
111010
000101
110110
001101
000001
100011
000000
010100
000001
111000
111011
101111
110100
010000
001001
100010
011111
010011
110100
001010
110001
110100
000011
111010
001110
101000
000110
101001
001110
100010
101100
000001
001010
000001
101011
000110
110001
010000
010011
100000
000000
011001
001001
000001
000110
000001
010101
101011
111000
000000
101000
000101
001100
100110
001110
110001
010011
010000
100100
000101
010001
010111
100010
001000
010110
100001
001100
000010
011101
000000
001001
001010
010010
111011
010000
110101
011001
001000
001110
100101
011000
000000
101011
010011
010101
000000
000101
010010
011010
010111
100000
011000
000110
101011
111101
110000
011000
001111
001000
010000
000001
101010
010000
001010
100000
001010
010011
110000
000101
110000
010110
010010
000010
111000
001001
001000
000010
100100
000110
001001
011010
000101
001101
100010
000010
101001
111100
101100
110000
001001
110010
110100
101110
100000
110010
000111
110000
001000
000110
000101
110000
001000
100100
010000
001011
010011
001110
100000
111100
110000
110001
100000
001000
010010
100000
101001
001100
101011
101001
110111
100111
100110
111001
011011
111000
100101
110010
001001
010000
101111
010010
010110
010110
111110
100000
111100
100000
110001
000011
100001
101100
000100
111001
101011
000010
100100
010100
001001
000100
011110