000011
010011
010000
000110
111010
011100
101100
010110
001000
010111
111000
000101
110011
110000
011100
001100
001101
001011
100100
101011
000110
111101
110000
110010
110100
110100
000000
000010
000000
100100
100100
100110
001001
010000
011010
000100
100011
001110
100010
010000
000000
000001
010000
010110
100111
110001
001000
010001
000111
000000
110100
011000
110000
010110
100010
000010
101001
100111
000000
101101
101101
110010
100111
010101
001100
000110
101111
010001
110000
110000
100011
110011
111010
010000
110110
000001
100110
010000
000111
000110
000110
010110
010110
000010
010001
100010
100000
110110
001111
010011
000110
111100
101001
101101
010000
111001
000101
000100
111000
011000
010011
110001
100110
111011
001100
010001
001010
000011
101011
110001
110010
010010
010001
100100
001000
001010
010000
110111
100001
010100
000000
000000
000001
001001
101000
000000
111010
010100
100100
100111
110000
010000
000110
010100
000111
110001
100001
111001
100000
101010
011001
010010
000001
011101
000000
011010
001000
111110
101100
001100
001111
100111
010111
100100
010110
100110
010100
010011
000010
010100
100001
100110
011011
010000
001111
000110
000000
010000
111100
001111
001001
010010
100111
101010
000100
101100
100000
101011
111000
011110
010110
001100
101010
001110
111000
011110
000111
001101
000110
001110
011001
111000
000101
110100
000001
011001
011011
001001
011010
110000
000101
001100
100100
110001
000010
100001
101110
011110
111011
001101
100010
010010
010101
000000
001010
110110
010100
000100
000010
011010
000001
000110
110111
110010
010011
111011
001100
100000
010011
111010
001011
100000
010100
000001
000111
011001
101010
000000
101000
010100
010010
100000
011011
010110
100001
111111
000010
011011
011101
110000
010001
100110
101111
111101
000111
001001
101011
000000
000101
000100
101011
000101
010110
000010
001110
001010
010010
000100
001010
011000
101001
100000
110100
100000
000100
010001
101010
111001
101011
010001
110011
001111
101000
001011
101111
100011
100000
100000
110010
010000
100011
000000
000010
100001
010000
101100
100101
010010
100001
110100
000001
001100
011001
100000
001110
001000
111001
100000
100000
110101
100100
111000
011000
000110
000100
001100
001100
000000
001000
000110
001101
000001
001010
010001
010000
000110
000011
100010
000011
101101
011111
000001
000111
100001
101000
101110
010000
010010
010000
000001
110111
100101
100000
100000
110000
011000
100010
110110
011101
001001
100000
010110
001011
111010
000001
001010
101010
110000
001010
000110
000010
000000
010000
011111
010110
000101
100100
001101
000001
100001
011000
110001
010100
101010
010110
011110
000100
000000
010001
000000
010000
110000
110000
000001
110000
010001
100110
101100
111000
000011
010001
010010
000000
110110
110100
100100
010001
100101
001000
011100
000101
100101
100111
001111
000011
010101
110010
010010
100000
000000
001011
111010
000000
111000
000110
000100
010001
100010
110100
001110
010111
101000
101100
110011
101100
010010
000000
000111
111111
011000
010010
011100
111000
100001
001011
011001
101000
101010
000010
000010
001001
010010
111000
001001
111010
010000
010110
010100
001000
111001
011001
101010
100000
000100
000100
010001
010110
000110
001010
000010
000000
110000
100100
100000
101111
110110
110100
001111
000010
000000
101110
001000
010101
001100
000001
011110
000010
101101
100111
000010
010010
010101
011100
000010
011011
000010
010010
100000
000100
110100
001110
101100
110000
000001
000001
010001
000000
000010
111001
011011
010100
010000
010100
011010
101000
100001
000010
000100
110100
001001
000101
011000
110111
000010
001011
010100
010010
100101
100110
000001
011000
010001
110000
100101
010100
101100
110001
000110
101101
000110
011001
100100
000010
010110
000000
110010
001000
110100
000001
001000
001000
111110
001110
011100
000001
011110
010000
000101
001010
100100
001010
010011
000000
000101
010101
100000
010011
100001
000011
100000
010010
101101
001010
100000
011011
001100
001010
000010
001101
101110
010001
000011
001011
010010
100110
100101
101000
000001
110000
100001
000011
010001
011100
010001
100000
101000
111001
101010
011000
101000
001100
111000
100101
110010
110010
010000
101110
000000
100100
000000
001011
100001
110001
011000
101110
001000
100100
101000
110000
000100
010001
000111
000001
010110
011100
001110
111000
000001
010010
000001
000100
000101
010010
010110
111010
111000
100001
111111
001010
010011
010011
000010
110010
000000
011100
110011
000011
011100
011111
001100
101000
010011
001000
100011
101100
100010
101101
000010
011011
110010
100100
100110
001001
101011
011101
101000
000001
101100
011100
100000
110000
110100
101010
101110
100011
100001
010111
000100
110000
101011
000000
011000
110000
110000
101000
011000
101010
000001
001011
010010
010001
100001
100110
000110
000011
100000
000010
111010
011001
100111
100100
000000
100100
000110
000111
010101
001100
000100
100101
000000
010000
100110
111100
100001
000001
100101
000110
000101
011011
001111
010001
010101
101010
000011
000100
100100
001101
110000
110011
010111
101011
101000
001100
100000
000100
001110
001000
010000
001001
101100
010010
001001
100111
111000
110101
000001
110111
000001
000100
011101
000000
101000
111111
011000
000001
010000
010101
010010
101111
011100
000111
010001
000110
100001
110111
000100
010100
010101
001001
000010
111010
010011
001000
001001
000000
100001
010100
100000
001011
100100
010100
101001
000001
100101
001100
010001
110000
111000
010110
011001
010010
000000
001000
110001
010101
100000
110101
110011
110000
111001
000001
101110
100111
110001
110101
000000
010000
110001
001000
000111
101001
010100
010000
000000
010000
001110
100000
110010
010000
001110
100000
100000
010010
100000
011000
110010
110010
111011
110010
010000
000000
011110
010001
100111
110110
001011
100000
000010
100101
010010
101010
100100
101010
001000
011000
100010
101000
100010
100111
010011
100101
111100
000100
011010
011011
100100
000000
010000
010001
100111
000010
010110
000100
101010
001001
100110
010000
101000
101011
100000
100000
001010
010101
001000
110010
110101
011100
000100
101101
101010
111101
011101
101100
001001
010100
001110
101000
000100
001010
001100
001000
100011
010101
011101
100000
000011
100011
100001
111010
000000
101101
101110
011000
010100
100100
000000
000010
011000
111000
100110
001000
111000
000101
011111
111100
000101
110110
000100
100000
101100
010001
010010
011001
100100
100010
100100
001111
000110
101001
111111
000001
011110
011111
000100
100100
101000
110000
010011
110100
001000
110000
010000
110101
000101
000010
011100
010010
111010
110000
100110
010000
110000
101001
101110
011000
001110
011000
100000
001100
001110
100101
100101
000011
010101
101000
110000
001010
110101
000110
100000
011110
100101
001000
010010
001100
101100
100011
000100
100000
101110
000000
010100
101111
011110
011000
000111
101100
100111
011101
000000
011010
110010
011111
100000
100110
000011
100011
101000
100001
101000
011001
000001
100101
110100
111011
001100
000010
111100
000011
100101