110011
100100
110010
100000
101100
101001
010011
010001
001100
101001
110011
001000
000001
101000
100000
101011
001000
110101
101101
100000
001101
101000
010101
111000
101000
011110
101100
010011
101010
010001
011111
001011
011000
101010
001100
001101
000101
000010
000111
000110
100001
101010
100011
000001
011000
101010
000100
011000
110100
000110
101000
010110
000101
011001
000000
111000
100110
001011
110000
100010
100111
111010
110000
000011
111000
011001
101001
100110
010001
010100
100000
100110
111001
100001
000001
110100
010000
000110
010000
100010
100000
001101
101101
001000
101101
110000
100100
111101
000000
100011
100101
000001
111100
010001
011001
010000
101110
010010
111101
000000
100111
001100
000101
100010
100010
100000
000000
000000
000000
010000
101001
001101
000011
010001
010110
000100
000111
011011
010100
100100
101100
011100
100110
010010
011111
011101
101000
010110
100011
000000
011011
110111
000011
100001
110010
010101
100001
100100
110000
011000
100001
100011
100100
010000
101011
101011
110001
001000
010010
101000
110011
010010
000010
101001
000001
110011
011000
101000
001000
011110
000001
110011
100000
100000
110110
000100
111111
111010
001110
101001
011000
000110
100011
000000
001000
000000
001001
101001
001110
001010
100001
101001
000000
110011
100100
100111
110000
010101
110100
000100
011010
000111
000001
010000
000000
100100
101111
000000
101110
100010
010100
101110
000001
100000
011011
100000
100110
001000
001111
001001
110000
110010
110110
101000
111101
001000
011000
001011
000001
110000
000111
001010
000000
101010
010111
010010
010100
001010
011111
000001
011011
000110
100110
110010
001100
010010
111010
000111
010001
001010
100011
001011
000001
011001
000101
000000
100000
110000
110010
000100
001110
001110
110000
010010
100001
000011
010011
101001
110010
000100
101011
011100
000110
000000
010000
000000
111101
011010
101000
101010
010111
110001
001101
000000
000000
100001
100000
011000
000001
010000
000110
101010
010001
110001
101000
001000
000000
100101
100011
010000
101101
001100
010111
010101
111001
011000
010110
100100
000100
000011
011111
011010
000001
110001
110010
010101
010011
010111
011101
010010
100010
111110
001000
000001
111000
110100
001001
000000
100000
000010
110100
011001
011110
000010
111010
000001
000001
000111
111001
001010
000001
001100
100100
000001
100001
110001
110001
110100
010101
111000
001111
000111
011100
100001
001011
000101
000011
001110
001111
000011
010011
010001
011010
110000
110010
110100
010000
001001
110000
100111
001000
100010
010001
010010
101000
010000
000010
001011
001001
100100
111111
010100
000000
010000
000000
000110
101000
101001
010000
001000
011100
010100
001000
111000
000101
000100
010111
101010
001100
101000
011001
010101
100000
001101
000000
110000
011000
000010
100001
001100
101010
110101
000000
000001
010001
100110
000011
100000
000000
010011
101010
100000
001110
110100
100011
110101
000001
101100
001010
000001
100100
000001
001100
011110
000001
100101
110001
001010
011000
010000
011000
101101
000001
000111
010001
111110
010000
001100
100111
001100
101001
100110
000100
000000
011110
010100
010111
000101
100101
110100
100000
010001
001010
010101
011011
011000
111100
000110
101101
011100
101100
000001
110000
011110
100011
000010
000100
000001
010100
000110
000010
000001
001010
000011
111110
000000
100011
101111
001101
000010
011100
010000
010010
010101
011111
101010
001010
000000
010111
001010
100011
110011
000011
101110
100010
001000
010001
110000
010101
100000
000000
010001
001000
100010
000000
010010
000000
000100
000101
010011
101000
101000
011000
100000
101011
110000
001100
001101
101011
001110
011100
010011
000000
001001
011000
000000
001100
011000
010000
110100
000100
001000
010000
000101
101110
111010
100000
000101
100101
001010
000000
000010
001000
100100
100101
100011
000000
111000
010010
100011
001100
010010
010010
000100
101011
010010
001010
100110
010100
110010
001101
001111
000100
110110
100111
100101
011110
100101
000110
011000
010100
001101
100000
001011
111001
110101
100000
101110
000010
001010
011000
001011
010000
100110
010110
001100
000101
010001
000110
111101
001001
001001
010111
000110
001100
000001
100100
010110
101001
110100
010000
011100
100100
011001
001000
010001
110011
011101
001011
000101
010001
000010
011111
000000
110011
000100
100011
100000
000100
001010
100000
110010
001100
001000
000011
000011
001110
000101
000000
011000
110100
010101
001010
100101
001101
001000
000110
100101
110000
110100
111010
101010
100101
000010
010110
110100
011010
010010
001101
100011
000001
010110
100100
110000
001010
000101
000100
000001
100111
100011
010110
100011
011011
100001
001100
100011
100101
001001
000101
110000
010001
110111
100010
101110
100010
000000
100000
010000
001101
101010
110010
110000
010001
000011
100100
110000
000101
001010
010000
100101
101110
000111
110000
000100
100100
011000
100100
111000
001001
101010
111010
001001
001000
111010
001101
011010
101100
101010
010000
100001
101001
011100
001110
011011
101011
010100
000001
110001
101000
010100
010100
000010
100111
001010
110000
011011
001010
111110
010101
011011
001001
011001
010000
101001
100011
101100
111111
100100
100110
101100
001010
100100
000111
110000
010101
000101
110001
101000
100010
011100
010100
100000
100011
100000
001111
001101
001100
011111
000010
100001
000001
100100
100101
001010
011101
111001
001010
000000
000001
010101
110000
110100
000101
001000
001000
110000
001011
001000
000010
000000
100110
000100
110111
100011
001001
100001
111010
110000
100001
000001
111001
000011
110000
000000
101101
000010
000000
001000
000100
000001
100100
000110
000011
011000
000111
000000
000101
011010
101101
101001
010001
110100
011000
010110
110100
010000
111101
111101
100101
010010
110010
010111
001101
110010
010100
000110
101101
101111
111011
000000
000001
101100
010000
110101
010001
101110
010001
001010
111110
010101
110011
101100
000000
000001
110111
100110
001010
001011
001000
111111
001111
100010
000000
001111
010000
000000
001101
000001
000001
000001
111000
011001
110000
001001
010000
011101
011001
001010
000101
001011
001111
101001
000010
101101
100100
111001
001100
001111
000011
100110
110001
110101
001100
100111
010000
100000
110000
100101
010100
100000
101100
000101
010010
011011
101010
001000
100000
101010
000111
011101
001011
111000
101001
001110
100110
011001
101001
000001
011001
100010
000110
011010
001101
000010
110001
010111
000100
101100
101111
111001
010001
110000
010110
000111
011110
010100
101110
100110
001010
000000
010011
100100
010100
011011
011000
011001
100000
111011
111010
100000
000100
000110
000001
001000
001110
010100
001101
000000
111110
010100
000010
101100
110000
010010
111101
001000
000011
100110
000101
000010
101111
100000
000011
010111
000100
000010
001001
001001
101000
110100
011010
000000
110011
000001
000101
000101
011011
110010
100101
010111
000000
001011
001000
100100
010001
100110
010111
011000
000100
001011
010001
011000
100010
110001
000010
010111
101001
001110
010001
001100