011000
010000
001100
011000
010010
000101
010100
000010
010001
001110
010010
100100
101100
010001
001101
000100
001011
111010
000100
010100
111011
111000
110010
011101
111010
100010
101001
101111
010001
001101
001100
000011
100100
100101
000001
011000
111101
010101
101000
101001
000010
010101
000000
100000
000000
000000
100100
001000
000010
001011
001111
100000
111001
001001
000000
110011
111111
000011
011000
001010
011101
010000
111100
001111
000001
001110
000001
101101
010111
011000
111011
100000
011001
101111
001000
101000
100100
000100
000001
110101
101111
000001
000011
011011
000010
101000
001001
001100
010110
001000
110110
111100
111000
010010
111100
010101
000110
010110
100001
000100
010101
000001
110110
100001
111110
011000
100000
100010
100010
100001
001001
000000
110111
100101
010001
111101
110000
111011
000010
011011
010000
001001
100010
001001
010000
010010
011000
010000
111011
111010
100101
001010
110000
100000
011011
011110
010000
010000
001000
011000
000010
100011
110001
011000
100001
000100
101110
100000
101011
001000
000000
011000
100100
000101
000001
100110
101000
000101
111101
000000
000010
110010
011110
100100
101101
100111
010000
001100
001100
100101
010110
110010
001001
100010
110100
000010
001001
100111
101000
010000
101111
100101
100001
101000
110000
011010
000101
110001
110000
101101
010000
111010
110011
011000
000100
000111
000000
100100
000110
010000
011000
011011
000101
010111
000000
100010
000100
011101
011001
110001
001000
100000
000101
010100
010000
100011
010000
111101
010001
001001
111000
011001
010110
110001
000000
011000
001010
000111
111010
011110
100001
110100
101010
011001
010101
010111
010011
100000
110100
010011
111110
010110
010100
011101
110001
110100
001110
110000
100110
000110
000010
011000
111110
011111
010011
011111
000010
111000
000010
001011
110000
011001
101000
110100
101000
100010
101000
111000
010001
001111
100001
110000
001111
000000
101100
101010
000010
001110
100111
011000
010000
001100
101010
100010
000001
011010
110001
110110
000111
111110
101001
000101
000000
110000
100110
011101
010011
111000
010000
100101
000010
000000
011100
100000
000100
111110
100111
001111
000110
001000
010101
001000
111010
000000
000111
110100
001100
000110
001110
011111
001101
100010
001100
100100
000110
010101
000111
011000
100111
011101
000101
000010
101011
001001
111101
101100
000000
100000
010110
011110
110100
111110
110000
100110
100011
110100
100000
111000
000000
010000
001000
111010
100100
011001
011000
010010
001100
010101
000010
111000
010000
101100
001000
010111
000010
100101
111101
000001
010000
011011
000110
010010
100101
101110
110010
100100
010010
110111
101101
000001
010100
101011
110100
100000
001111
110001
000000
011000
111010
000001
101001
000010
110010
010100
101000
000101
111101
000001
010010
001010
100101
000001
100000
010100
101011
000001
000001
001000
100000
101111
010001
010010
011010
010010
000110
110001
010000
001110
000100
100000
000111
001000
011110
101000
000101
001000
100101
001010
100110
000110
000000
111111
110001
001010
010001
101011
110101
010000
010010
000011
011100
010000
001011
000001
011001
010000
001100
010111
101000
101001
000010
000100
000110
010100
000101
011100
001101
110001
011000
011011
110010
001111
011001
010011
011101
110101
100010
100000
100011
000000
111001
011101
000011
010000
001100
101110
101111
000100
011100
001100
110000
110100
000001
101000
000100
010010
110001
001000
100010
000100
000100
110101
010011
001010
001001
101110
110101
100100
100011
000010
000000
101001
010000
000000
111100
000101
001100
001001
100100
001000
110001
100110
100011
111100
011001
011010
000011
001110
000010
100011
111000
001000
010110
010101
110001
001010
000010
011100
011100
001001
100000
011100
001111
111111
000100
000010
110010
110001
100110
110010
001000
001000
000001
001111
000000
110111
010010
100000
010100
010110
010001
101011
111111
000100
001011
000000
000100
011110
111011
110110
101100
000001
100010
100001
000011
000011
100011
000011
100010
110110
000011
001101
101010
000110
000011
000000
010111
000100
010000
111010
100000
010001
001110
010100
000000
011100
100001
100011
110000
101000
001110
000011
001110
001011
101000
101010
101101
011011
000000
101110
010000
000110
000100
100100
110011
111001
001111
010101
101000
000000
011001
111011
000100
000011
100000
001010
100101
000010
001010
100101
111100
101010
101111
000011
010100
001011
001110
000000
000010
010101
100000
000010
011010
010111
111000
111111
100110
110101
001100
000011
100001
011001
010011
000001
110000
010101
000101
111100
011000
011001
011100
010100
011001
110000
000001
000001
000110
010100
101111
111101
000001
100100
101100
001100
010111
000010
111100
000110
001100
010111
000101
000000
100100
100100
001011
000100
110100
110001
011111
000000
011010
001010
111100
011100
010011
110100
011000
010010
101000
001000
101010
111000
010001
001000
000010
110111
000010
010100
110011
001111
010110
000010
010100
100000
011010
110001
100001
011101
101001
001100
111100
000001
000111
100000
000001
000001
101111
100000
101011
010011
101011
110000
111111
010100
100000
000110
001010
110001
011000
000011
001010
000111
000010
110100
000000
100010
011011
101001
100000
100100
000100
100000
111001
011100
100011
111101
001100
011111
101010
100000
011010
011101
011100
001101
101100
100000
001011
000000
010001
000010
110010
000101
010001
101000
110110
010010
011101
000000
001000
011000
001110
011010
010110
101010
100101
011001
011100
110100
000001
110110
100101
001110
100000
110000
100000
000101
101110
110010
101001
010010
100100
001110
001100
110010
101001
011001
001100
101000
110011
011010
001110
011000
010011
000000
100000
100111
111100
011110
001011
101100
000011
100011
011100
000111
101100
110001
110000
000100
111101
010001
001100
010000
001100
000101
111111
011001
001001
111101
000100
011011
101011
000100
000100
000001
110000
101111
110101
010010
100001
110000
000000
010000
110000
111100
011111
000000
001001
010000
001000
001100
100011
000000
110010
000000
001011
000100
000010
001010
110000
001000
110000
000000
000000
101001
000010
100010
000010
001100
100100
000000
110010
010000
100101
000001
101101
100001
001010
001100
101001
011000
011001
000010
000010
001010
100000
011011
010101
000110
111000
000101
101010
100100
000000
000001
010100
110000
111001
001001
101000
001111
000000
110000
110000
100100
110110
011100
100110
000001
011001
010001
110100
110000
110000
100000
100101
011100
001011
101001
000100
101011
110111
101111
101001
001100
000111
100110
100100
100001
010101
111110
001111
100001
010000
100000
101110
010110
000000
010101
111011
011110
011100
011100
100001
000000
011001
010001
110001
101000
010100
001000
001111
000001
011001
010000
100110
000001
000001
110010
110110
001011
001110
110010
010011
111000
000101
000000
100011
010000
110101
100001
000010
000111
010101
000111
111100
000101
100111
000100
110011
101101
011110
000100
000110
110111
101010
010010
100110
101111
000111
100100
001101
010110
000011
101100
010000
000000
011101
011011
000101
100010