010110
110101
001000
110100
001001
000010
111000
100100
100000
100111
001010
010000
100101
101100
000011
010000
000001
001001
110001
110000
001000
001110
100100
111010
001011
001101
100011
001100
110010
000101
100010
010010
111101
101110
001010
000100
100100
100101
100001
001010
000001
101101
100100
110011
111010
100110
000111
000001
010000
110110
000100
001110
110101
100001
110010
000100
000111
110110
000010
011001
000001
011011
110100
101110
101111
100101
000101
001000
100001
100110
010000
100000
011000
110110
001011
000100
011011
110000
110011
010101
000100
100000
000000
010100
010001
101000
010111
110000
110001
101100
110101
000011
000010
101001
011010
001100
101101
000010
111010
000010
000001
110000
011011
010011
100000
001110
110101
011101
101000
001000
010110
110000
100111
101001
100000
000110
000111
010001
100100
000010
011100
001100
101000
011000
101010
100100
011101
100000
011000
000000
011000
100100
010000
111101
100001
100000
101000
011100
101001
100101
100000
100000
100111
010011
101001
000100
001100
101111
001011
001001
000011
011001
100000
100001
111001
100011
010100
101100
111011
101000
111101
010110
000001
010001
011110
101100
010000
100010
010111
011101
111001
110111
111010
000100
001110
110010
010110
110101
000101
111101
010111
111000
000001
011011
001100
100100
101100
110010
110110
100000
101001
100100
000111
000001
010101
001000
110001
101000
010000
000100
111010
001010
110001
010001
111001
001001
000011
101111
100100
101100
001001
101000
110111
001000
111000
011010
110000
011001
000000
001001
100010
010001
000011
101011
010110
111000
100111
000111
010111
000110
110101
000000
101110
111000
001000
110101
001001
011010
001000
001111
100000
001111
101110
111000
001111
000100
110000
101000
011100
110110
111011
010010
011010
010111
000011
010101
111001
100110
001101
010100
100010
010101
000000
101110
010000
101101
001100
111100
101110
110110
100100
010100
100001
011101
111001
000001
000011
010101
000100
000001
000000
001001
001101
011001
100010
001001
100101
010100
100100
011000
100110
001101
011001
010000
100100
011110
101110
111010
101000
100001
101011
000101
100101
111111
001001
010100
000010
001010
011110
000000
000100
011110
010011
001000
111001
111100
010001
111101
100100
010000
001100
010000
001001
110110
000101
111010
011001
101010
000000
010110
101001
000010
001000
111101
011110
001000
101000
001000
111100
100001
000000
010011
110110
101111
010111
100111
000100
010001
001011
000010
000000
010010
001111
000000
000010
001010
001010
011100
001010
011001
111100
110000
111011
001100
010010
001001
101111
100001
111101
000110
011000
000000
010111
100000
000111
010011
000110
100100
100000
010000
110000
101001
011001
100010
110100
011011
100100
100000
110001
000000
010010
011111
111000
101010
000011
010000
100001
000011
011001
110000
000010
000101
011110
010100
101111
100110
001001
101011
100101
001111
001000
000000
011011
101000
010000
000010
101010
110011
101010
011100
100110
001010
100001
100100
000001
111110
010001
001001
010101
001010
010100
110011
101100
000100
000000
010100
001100
010000
101000
000000
001001
011111
000000
000011
001010
011011
010111
011100
110100
010010
000011
000110
001000
010011
111001
000010
001011
001110
101000
101100
001010
101110
111100
111000
100110
100011
111010
000010
000111
101000
010111
011100
001100
010000
010000
100100
100110
000100
011011
000000
100101
011001
111100
110110
110000
010110
000000
010100
101000
101001
010000
100001
001010
101100
101101
100001
011101
011011
010010
110000
000110
110101
101000
011110
100111
001110
100100
110011
000110
101100
101010
001000
000001
011011
101010
010100
111011
100011
110010
000000
010101
100010
110000
111001
100010
010110
100000
001011
010101
001000
101011
011110
010110
100000
000010
001001
000000
010010
111100
001111
001101
011000
100000
010011
000011
000011
101010
011000
001110
001110
000000
010000
100001
001010
100000
100000
101001
011001
011000
100000
000110
101001
000110
100010
011100
110010
000010
010100
000010
000111
011000
111000
100100
011000
000001
101111
100110
011101
010100
001001
000001
110001
101011
000001
100000
100000
000100
001001
010100
001011
010010
010110
000001
001110
000110
000111
001011
001001
110100
100100
100101
000100
001100
010000
000000
100000
101000
001000
000011
000010
010011
001010
000101
010111
011100
010001
001101
000001
100101
010000
100110
100010
011000
011000
001001
010001
100000
001001
011100
000010
100100
001010
001010
100001
010000
010011
111110
000100
111110
010010
111010
100101
100100
000010
010000
010111
000000
010000
000000
100010
010111
000010
100100
011010
100000
110111
111111
001110
001000
001000
011110
010000
100100
010101
101010
000001
010001
000000
100110
001100
100001
000000
000100
000100
101001
111001
000000
100000
100101
001000
111110
000100
010001
011111
001001
101110
011000
010001
000010
000000
011100
100100
100101
100000
101010
011010
011010
001101
010101
100001
100101
000001
001001
000100
000011
111001
101000
011111
110010
110101
101010
000100
011101
001101
110011
010100
001100
101011
110011
001110
000000
110011
000000
010010
001011
000100
101110
001100
111001
001111
101000
010100
001111
001010
100000
000000
111010
100001
101000
011110
010100
010101
000000
100001
010001
010010
010001
000011
100101
000000
000101
000010
000100
110010
101100
111100
001110
010001
100100
000000
000101
010100
011111
001010
001101
000100
011000
010001
000000
000101
011010
000000
001100
000110
100001
000111
000111
100011
001101
001110
010101
111001
010001
101111
000111
100000
100010
101000
010000
100010
000000
001000
101101
001000
011011
110010
001011
000000
001011
001101
011111
111010
011011
010100
111100
111010
100110
001100
001101
101111
000000
100101
001100
111100
100000
010011
000101
001101
001010
100010
001011
010100
100000
000010
011011
000111
001000
110100
110000
010000
011011
100101
101010
010000
011001
110111
000100
010010
000100
000010
010000
101010
000100
101000
001000
001101
101010
000000
100100
000001
100001
110011
101110
100110
101101
010100
010001
000100
101001
100100
100000
101011
011100
110011
110000
001000
010100
000000
000100
100010
000010
100000
000010
000000
100110
000000
000110
011011
100111
111001
010001
110010
000101
111100
000000
110110
000001
111000
110100
000100
001101
000011
000001
000010
000010
010101
010010
001001
010010
110110
101011
011100
010100
000111
001000
000010
110010
101000
101000
010110
110000
010001
000010
101001
101001
000010
111001
011011
010000
000000
100101
000010
000110
010000
101010
110010
010110
000100
110010
000101
010110
000010
111010
100101
000111
010100
001000
000001
111000
010010
100111
101101
010111
101110
011110
000010
100100
001001
000010
010001
110001
001110
101011
100100
001000
001011
000011
111001
101100
000101
000000
000000
111101
110101
011111
001001
011100
111010
110111
000001
100000
101101
000011
101010
100100
000001
100100
100101
000001
000111
010011
100100
000101
010000
011101
100111
001111
010000
100101
001000
111000
001110
100001
010000
101001
000000
100000
110000
101111
000000