001101
101000
010100
000000
110010
000001
000010
010001
000000
000011
000100
010000
000010
011001
000010
001000
000000
010001
000000
010000
000000
100000
101000
100010
100100
000010
000010
000000
000001
011101
011110
011101
110110
001000
000100
100000
000100
000010
001000
001011
101000
000101
100010
110100
001000
000110
101001
001100
001000
001000
011001
010000
000000
011010
000100
100000
011000
000101
000000
100000
011010
000010
000000
101000
001010
001010
000100
111000
000011
000101
000011
000000
010100
000100
000000
000000
111001
100000
001001
000000
010001
010100
000001
000010
000000
000001
000100
111000
000101
000000
001011
001000
011000
000100
101000
000010
000001
000000
110000
000001
000000
001110
010001
000000
100000
100100
010000
000100
001010
100000
000100
000001
000100
100101
000000
111000
000000
011011
001000
010010
000100
100101
000000
000000
100001
000001
001001
000010
100001
110111
000000
010000
001001
001100
001010
001011
000000
000000
000001
001110
000100
000000
001010
000001
000010
000000
010100
010001
110000
011010
000000
000000
000000
100101
000000
000000
000001
000000
110000
000000
100010
000000
000000
000101
101000
010001
000000
000100
100000
000000
000011
100000
000000
110000
000101
000001
000001
000010
100100
010010
010011
000001
000000
000110
010001
000000
100001
000110
011100
000001
000010
000000
100100
000110
000000
000000
011000
110011
110100
000000
001010
000010
010001
000010
001010
100000
000111
101100
011001
100000
100011
101000
011100
111010
000000
101000
001000
001000
000000
001000
001010
011100
011000
000000
110010
000000
110000
101000
010010
000110
000010
010000
000011
000001
000001
001000
000000
000000
110100
001011
000001
000100
000110
000000
000001
100000
000001
001011
001000
000000
100001
000000
000101
000110
000100
000000
110000
000100
000000
010000
000001
001011
010001
010000
000000
010000
110000
001011
110110
011000
000010
111100
010001
000011
001000
010110
000000
010011
000000
000010
000101
001001
100000
001000
101110
100000
000101
000100
000100
101000
101110
000010
100110
110011
100000
000000
000000
000000
000001
000001
101010
000000
100100
000000
010000
000000
010000
000010
010010
010110
001000
101001
100000
100000
001001
100111
100000
010000
010101
100000
111101
010000
110010
000111
100000
011000
000100
101100
000101
000100
101000
000001
000000
101000
000000
010010
001100
101110
100000
000000
110011
000000
000100
000100
010100
101010
001100
110110
000000
010001
000000
000000
010001
010010
101000
000000
100000
110000
000011
000001
100000
100001
000000
000010
000000
000001
000000
110100
000011
000000
000000
000100
110000
000000
000000
000000
010000
011000
001110
000000
000001
000001
010000
001010
110100
100010
001100
000101
000010
000001
000001
000000
000100
000000
000000
000010
000000
100100
010000
100000
000101
110000
000010
011010
100000
110000
001001
010101
000001
100110
100000
000000
100100
000001
100011
010000
000000
000110
000000
000000
100010
000101
001000
011001
000010
100000
000000
000000
000000
001000
000110
100000
010000
011011
000000
001000
000000
111100
010000
100000
000000
101101
100000
000010
000100
101010
000010
110001
100110
000100
100100
100100
001010
100000
010110
011010
000100
011100
000000
010001
100001
010100
011001
000000
010000
100000
001001
011010
001000
100000
010011
001101
100100
000100
011100
000000
100010
001000
000100
001000
000001
100010
001100
100000
000000
110010
000110
000100
010100
000100
000000
000000
000000
010000
110100
111000
001010
011100
101000
100010
110001
100010
100110
000010
001010
100100
000100
000101
110010
010110
001100
010010
000000
000010
010000
000101
000000
010010
101010
000101
000100
001000
001011
111000
000001
010100
011010
100000
010000
000010
000010
100100
100000
100000
011000
011110
100010
000000
000000
010000
001101
010101
001000
100000
000000
010010
000010
000010
011110
001011
100001
000010
010000
000010
100101
011101
000010
000000
000001
000000
000000
001010
001110
000001
001011
000000
111001
001101
010000
000000
000100
100100
000000
000010
001100
001000
010001
100010
001100
100001
001000
010101
000000
000111
000110
100011
010100
010000
001000
000000
000001
100110
111010
000110
110000
000000
100000
100001
000000
000100
000000
010000
111000
000010
110000
010110
000000
001100
000001
000010
000011
100001
110010
110000
000001
000010
000010
000010
000110
100000
011101
100100
000001
010000
001010
001100
000011
001010
110000
000101
100100
010011
000000
000000
010010
001000
000000
100001
000100
000000
100001
100001
000000
100000
111000
100100
010000
001100
010000
001000
000000
000000
100010
100001
000010
011000
000000
100000
000000
110001
010100
000000
100100
100000
100010
000000
110000
000000
001010
000000
110000
011011
000011
000001
000010
011010
100000
000000
000000
000110
100010
001001
011000
001100
000001
010000
001100
000000
010010
010000
000011
000010
000100
000000
111000
000000
001001
000100
000000
010000
011000
111100
101001
001000
001001
000001
000100
110000
110000
011011
001000
100000
010001
110000
010010
100000
100001
001000
001001
000001
100011
011000
100010
101100
001001
000011
000000
010100
000000
100001
100100
001101
110000
000011
100100
101000
100000
000001
000010
000100
000000
010000
001110
100000
000100
010100
010000
101000
110010
010000
000101
000100
111011
100100
000000
000110
010000
000000
000001
001011
110000
000001
000111
000010
000000
101010
010000
010000
010000
001000
000011
001000
000010
101010
010000
001000
011010
000000
000001
000000
110010
000000
011001
001100
001000
111000
000001
000001
000110
000000
010010
010100
101010
100000
001011
010000
000010
110000
101000
010100
000000
000000
001001
000000
000011
000110
000010
000100
000000
000010
000001
000000
000001
000000
000000
100001
110111
000001
000100
000000
001000
000101
001010
000001
100000
000000
000100
100000
001000
100010
000000
000100
000010
000000
010000
001000
001000
001100
000010
100110
000000
000001
100000
011101
010010
100000
010001
011010
000000
101000
001000
011100
000000
000000
000000
000000
000110
010001
000000
010000
000001
010000
000101
011010
001000
101000
000000
101011
000001
000000
100010
101001
100100
010000
110000
110101
010010
000010
000000
000100
000110
100011
010000
100100
011100
001000
110010
010001
011110
100001
010000
000001
011010
010010
010110
000001
110111
100000
110000
000000
100101
110001
001000
100000
001000
011000
110000
101000
010001
001001
000000
110000
100111
001100
100000
000000
001000
001000
001100
101000
000100
001010
000110
000100
001000
001110
000001
000000
100000
000111
100100
111000
000000
100001
100010
101000
001110
000100
000010
010001
000001
100111
011000
101001
000000
001100
000000
110011
000000
000000
000010
000100
100010
100000
010001
000010
100000
001010
000011
000010
010001
110111
000111
000000
010001
000100
000010
110111
001000
001000
010001
000110
100010
010100
001100
000000
000000
000101
011100
000100
000000
101100
100100
010000
000000
000110
100000
000100
100001
000001
000000
001001
000000
000000
000010
000010
000000
001010
001100
000100