000100
001000
001110
110011
011110
000111
001001
100101
000000
010011
001100
000001
011000
000111
010111
110000
100100
000111
000000
000010
110111
000001
111000
001000
011100
011101
000001
001000
110001
000110
110000
101101
000001
101001
001110
000011
011110
000010
100010
011000
011110
101001
000010
100000
001000
011110
000100
000110
110110
000100
000000
001011
100100
011001
010101
001000
100000
111001
101100
000100
110010
000000
000000
010001
100110
010010
100110
011011
000010
001000
010110
001101
001100
100110
011010
111000
011000
010010
100001
000100
000001
010010
011100
000011
011100
000011
010001
001000
010110
001010
001000
000110
000010
000000
000100
001010
000110
010101
010100
000010
011110
011000
010110
001000
100010
100001
010010
100100
010000
101010
101010
000000
001010
001001
011000
000110
011000
100111
001101
001010
100000
111001
001000
000101
100010
010100
011011
000100
000111
111011
011100
000001
001101
110011
001011
000001
000000
001110
000100
000001
010100
111011
001000
101100
111000
110111
000000
000100
010001
001000
100000
000000
111000
000110
000110
111110
011100
000000
111000
011000
100001
000000
101010
010011
000110
111001
000110
011010
100100
100100
000010
010011
000110
000001
000000
001000
110011
011000
010000
100000
000000
001000
100100
000011
011000
000100
000000
010110
101101
110010
110000
010001
000100
100000
011000
110000
000001
000000
001010
110000
000100
001000
000111
000100
101100
000010
010100
101010
010110
100011
000000
100000
000000
100100
000000
001000
100110
001011
100100
101100
110110
000000
010010
001010
010000
100000
000010
000001
100110
000101
000010
100100
011100
001001
010000
010000
001111
001001
000000
110010
000000
000110
011100
011010
001010
000000
000101
111011
010101
110011
001000
110001
111100
011111
000011
111100
101100
101000
100010
111100
000000
101111
000000
000011
000001
100101
001000
100000
000001
100100
010110
000000
010100
001000
100001
000000
011111
000000
000010
100100
000000
000000
100000
011111
111000
100110
000111
000010
000110
001000
000010
001100
010010
101111
000101
100001
110100
000010
001000
001110
001111
000010
000110
100010
001010
101100
001001
011100
001010
011000
000010
100110
010101
100000
001001
100010
000100
000110
100111
000101
010000
000000
000000
001011
000000
011000
000000
010010
001010
111100
100000
110000
001111
011100
001001
011000
010100
010000
100101
011000
011001
011100
000000
101100
010011
001101
100100
100111
110001
101000
010100
000001
001000
110010
000111
100000
110000
110000
000101
000100
100100
001001
001000
011000
110010
000011
011001
000000
000110
000000
010000
011101
110011
000010
100011
111100
011000
001101
100011
100110
010000
010000
000001
001001
101001
101000
100001
010000
101011
000101
100000
001000
010000
000111
111001
100000
001100
010000
011010
011001
011011
000110
000000
000000
110101
100000
100000
001000
100110
000011
010100
001110
010010
101010
010100
101000
110000
101111
101000
000100
100000
001101
001000
000010
100011
100010
010100
110100
010001
000110
010000
011010
011000
010100
001000
010100
011011
001000
000010
101010
010010
100010
111001
010000
010100
000000
101010
001100
100000
110010
011000
000101
010000
100000
001000
101010
011001
000010
100000
000010
010110
100000
000100
100100
000011
101010
001011
110010
000010
000000
001000
111001
010100
110000
101100
000101
100111
010011
100010
010001
100001
111010
100000
010110
000000
000010
111110
010000
010000
011110
100110
011010
100001
000011
010101
110011
010000
001100
010100
100010
000001
100000
000110
010000
000001
000100
000011
110110
000001
010101
110010
001010
001010
100010
010000
000001
111000
001010
000011
000010
000110
100111
000010
001100
011111
000110
101001
000000
110001
001000
100100
010000
001010
111001
001010
000010
001010
000111
000111
111010
001011
110001
111101
001010
000011
011110
010001
110100
101001
011010
000000
101000
111000
010010
001010
101101
001000
001101
000010
101000
010110
110000
000000
001000
000011
110000
000100
101111
010000
000100
010011
010100
000010
100001
000001
000100
111000
010000
100000
000000
010000
010111
011010
110000
100010
001011
000010
100110
001000
101000
111100
001100
110010
011100
001001
000111
000100
001010
000000
001000
000000
101100
011000
000100
010000
111100
011011
011000
010010
100100
001000
110010
100010
000000
100101
100101
010100
000000
010000
100111
010101
000100
010000
011010
000000
011110
000100
101100
111010
010101
100000
001101
001010
000011
000000
101001
011001
100000
001001
000100
000101
100100
000011
100100
011101
011101
100100
000111
001001
110001
010001
110001
001001
011110
000100
001000
010011
001010
001000
000101
011100
001000
001001
011000
000111
001100
001010
100001
000000
000010
010010
100101
010011
101000
100100
001010
000011
100000
000000
000000
010000
110100
011111
010000
010000
000010
111010
100000
010100
100001
110110
000110
101001
011100
000100
010011
010010
000100
101011
011100
001100
111101
001010
111000
010100
100000
000111
010101
001010
100110
100000
010011
010001
000111
100001
000100
000000
000010
011000
000100
000110
010110
100000
110001
100010
001000
010010
001000
010110
000110
000000
011001
010111
110000
010010
010000
010000
000011
001100
010000
001000
011000
001010
100001
111111
101001
000000
010100
010001
010100
010000
001100
100010
111000
010010
010000
100010
000100
100000
010111
000011
100001
000010
001011
000010
001100
001100
001010
100110
010001
110101
010000
000000
000001
010010
001110
101101
010000
000100
100000
010001
100000
000010
001000
110000
010000
111010
110000
000010
100000
010001
010000
000000
100010
000100
111110
001000
000010
000001
000100
001100
001011
010100
101111
000001
001000
000011
000001
100100
000010
110110
010011
010100
000101
111000
100000
100011
000001
110100
000101
000100
001011
001000
110010
000110
010110
010000
100000
010110
000010
110000
000110
010010
000010
000010
011100
000000
000011
001000
000000
101001
000100
000001
000001
110100
000100
001010
000011
000001
100001
001100
111001
101001
010111
001011
010001
101000
000110
010000
010011
000000
110001
000011
110110
000100
010011
000010
110100
100011
000000
100010
111000
000110
100110
011000
000111
101000
001000
000011
111011
000110
001100
101011
001001
111000
010101
110011
011000
000000
000100
110001
010001
011010
000000
010001
101110
111111
010000
000001
011010
000011
011000
000100
001001
011001
110100
010010
000000
000100
011000
001000
000000
010001
110100
110100
101011
110000
011000
110000
000010
111101
110001
000000
000000
000011
001010
101101
100010
000001
010001
000100
000011
001110
001110
011000
010000
111000
100000
001010
000100
100011
110011
000110
000100
100101
101000
100000
101000
010100
000000
001100
100011
100110
110000
000000
010101
101100
000000
010001
110010
011001
110110
100010
011110
000000
000100
010100
000000
010101
000010
000000
110010
000100
000100
001000
000101
001000
110000
001000
110000
100001
110111
011010
000000
101000
100111
010000
010010
000000
001010
011010
010001
000011
100110
010011
110000
101110
000100
000011
000000