100110
000011
000011
101000
001001
010001
001110
110100
000010
000110
000100
101010
100100
100100
110000
001111
101000
000001
001000
100001
001110
010010
100100
010000
001100
010110
111110
100000
001110
111010
000100
001110
000000
000101
000011
000100
110100
101000
100010
001000
101100
001110
001010
000000
110001
000010
000111
000001
010001
001000
111100
001001
010010
001101
000010
001001
100000
010111
100010
010001
111100
111000
110000
011011
000011
100001
000000
110001
010000
111110
000001
000000
000100
010111
101100
010000
001100
000001
000011
100001
110000
010000
010011
100001
100000
001001
000001
000110
101000
001010
000111
100111
000100
010000
000001
100011
110000
100111
011100
001000
010010
000101
000000
000011
001100
010010
000000
000000
110000
001010
110101
010000
100001
000010
110100
000000
011000
101000
101010
001001
011010
001000
011101
001001
100001
111000
001101
000000
010110
100110
010011
100000
010100
001100
101011
100000
010100
001000
001000
001010
010000
110000
110011
000110
011100
110100
001001
010000
000000
000011
101010
010111
100100
010001
000000
100010
001010
101101
101001
000000
011000
000101
001011
111010
100000
000000
100000
001001
000000
011110
010001
110000
100011
000110
100001
000100
100000
000001
010000
000001
110010
101000
101001
101001
000010
011010
100001
011001
101110
000000
000001
001010
010011
010001
001011
000001
101011
000001
000101
000000
100010
000010
110000
000111
101111
000010
010011
000110
001001
100010
100000
000110
001000
001010
111011
000010
100000
001111
000000
100000
010110
001100
000100
010110
000010
100011
000011
110000
000110
001001
000011
001001
111110
001000
000100
110000
000110
000101
000000
010010
011000
100001
011001
100010
001010
000100
011000
110000
000011
010110
101100
110011
001100
010100
000100
111110
100010
111011
000000
111000
000010
000000
000100
100001
100001
101100
000111
001010
110001
001001
001000
000001
010000
010101
101000
000000
110000
100100
110011
101100
000110
001000
111100
110110
010001
000000
010000
000100
001100
000110
001000
101100
001000
001000
000100
000110
100001
010001
010110
010010
100000
010001
001001
101000
000110
001010
101010
111010
111001
000001
000000
010100
011001
000100
000010
000111
110100
100010
110010
100000
110000
001000
001100
001000
110110
000111
000000
000100
000001
000011
011001
100110
100000
000001
100001
000111
000010
000000
000010
000110
001000
100010
000100
110010
100000
000001
000001
000000
101010
100000
100010
010000
010000
000100
000001
111010
100101
110011
010000
001101
010010
011000
001000
001000
000000
000000
010000
011011
001000
101101
000000
000001
110100
000010
010010
100100
001111
100000
001001
001010
010001
001000
001110
001000
100000
100111
000011
011010
000101
000011
000001
110000
110000
011010
000000
100000
001101
010100
001000
000000
001000
001000
111001
000000
000000
110000
011001
111101
110111
000001
100001
001000
010110
000010
011000
000111
010010
001010
100011
101111
101010
001010
110000
010100
000000
101000
011110
001100
011101
010111
000100
101100
001011
010000
010000
000010
000000
000100
100010
001100
010010
010011
111000
111100
101100
010101
010100
110010
100110
000111
001101
010100
111001
110011
111001
000111
000010
110010
001001
000101
010111
101010
100000
000000
101000
110000
001110
010101
000101
111000
100101
000011
010000
000000
000100
001001
111010
001001
100001
100010
011010
111101
101010
101011
010000
001010
000100
010010
000100
100101
011100
110100
010000
010000
110100
000000
001000
110010
000100
001110
010101
001001
000100
100000
010000
111000
110000
000000
100110
011001
001000
010010
100011
010100
000000
000001
100000
111000
010101
000000
001000
001001
011101
000100
000001
011000
110000
000000
101000
011011
100100
000000
000001
010010
011010
001101
001100
010100
010110
001000
011001
000001
100010
101101
010000
100100
110110
110011
110000
110110
110000
001100
010000
110100
100001
100010
001000
110100
100000
000100
010000
110000
011011
001000
011110
010101
010110
001111
100100
000010
010010
010100
100101
001000
111001
101000
001010
011000
000101
100011
111101
011010
010000
011000
010010
010010
011000
110100
001001
111000
100001
000011
001001
110110
111010
000000
100111
100001
000110
101101
100100
110111
010100
100010
010000
000010
110100
001011
100101
100111
001001
100000
101000
100101
011100
100010
100000
101011
000010
000001
000100
100010
000100
100000
100000
101111
100011
101101
011100
000000
010110
010001
011011
111010
000000
110010
100111
001000
010000
100110
000010
001010
100000
000011
111010
001110
000011
001110
100000
111001
000010
011100
010101
000001
101001
001011
000100
100011
000110
111111
010000
111010
010110
001011
110001
000000
110000
001000
100100
001101
011000
100001
000000
101000
101111
000000
111010
100101
010000
111100
000011
101100
010100
000011
100100
101001
100000
001000
111000
001010
001010
010000
101010
110011
111100
011000
100101
000100
000000
000100
011100
000100
000000
001001
000010
001111
000100
001000
000000
000010
110100
000010
000000
010010
001100
000110
000010
101110
000100
110010
100010
101001
010110
000110
010001
010010
010000
111001
110010
000010
011100
000110
000110
010000
100101
110010
001001
101000
001010
000001
000100
100001
100000
010010
101000
000000
010110
100000
000101
100010
100100
000101
110010
001111
110011
011000
110011
110000
011100
001010
001001
011101
010111
010000
000010
000000
110000
001000
000010
001001
001000
011001
100000
101011
000101
101100
010000
001100
100001
010000
000101
000000
000000
001001
011000
101000
011010
100111
001000
000100
001001
000100
011101
100001
110100
001000
010100
000100
111001
110011
001000
000100
010110
110001
000110
001100
000000
100011
001000
100110
000011
000001
010100
010011
000011
110110
000000
101010
001000
011110
110000
000010
111000
110001
100000
000010
000001
000000
000101
010011
011011
000011
000000
000100
110100
011100
000001
110000
100101
001110
000010
101001
000000
001001
101000
000001
100010
101000
011011
000000
000001
010101
000010
000110
011110
001100
110101
000001
010010
100000
010100
000000
001010
010100
101010
100010
100001
010100
010001
100001
001110
000010
100101
010000
000101
110100
010011
100000
100010
100100
111010
110010
011001
010110
011111
000110
011001
110010
000110
000000
001100
000000
000000
011101
000100
101000
001001
101000
101000
011001
001001
000100
100100
100010
101100
001101
011010
011001
000000
001100
010010
110000
010000
011000
001100
100000
001000
001010
001110
101011
000101
101100
111001
000100
111001
000101
000000
000100
100000
000010
001001
101010
010011
100000
110110
000001
000100
010100
000000
010010
010010
000010
100101
000101
001110
101110
100001
010100
001100
100100
010101
011000
000100
010010
000000
000100
111010
000000
000100
101100
100110
000010
000000
000000
000110
110010
000101
000010
000110
101110
001101
000000
010001
000001
001000
010010
100000
010111
001110
000000
110001
000100
010000
011100
111000
100100
001100
100000
100010
100111
110001
110110
000100
011000
101010
000001
010000
000000
000101
110010