011000
101010
000001
100001
000010
011000
001001
000011
000100
000000
100001
001011
000101
010010
100110
001001
000001
010100
010100
000010
001110
110100
110100
000100
010110
010100
000000
100000
000100
000000
010111
000110
110010
000110
100110
010010
101001
010010
100100
000010
000100
001000
000111
100000
011000
111000
100001
101010
000000
000010
010100
101010
000000
100110
001000
000101
100100
010000
110001
000100
010000
000100
100100
011110
011010
010010
110101
010011
000010
010001
000101
101000
110000
010000
001110
001000
101110
010010
101011
110000
001010
101001
000010
100101
000000
010110
001101
000000
010010
100000
001001
000010
000000
001001
000111
100001
011101
110011
001000
000111
001111
001000
110001
001000
100000
010001
000001
000010
000101
001011
010101
000001
010101
010011
001100
010001
011000
100100
110001
001001
001000
010001
001100
001001
000111
000111
100100
000100
110111
000110
010001
000100
001000
000000
101100
110100
100001
000100
000011
100101
000110
010010
100010
010010
001100
010110
010110
101100
001101
110001
011100
000000
100010
000100
000000
010100
000010
101000
000111
000111
000000
011011
100011
000001
000101
001010
111010
101011
100110
101000
010000
001100
100010
010100
010110
100001
000000
000010
101011
110001
101000
000010
001010
010001
110000
000001
001111
001110
010100
000000
100110
001110
010100
011010
000010
000100
001010
101000
101010
110110
001010
101101
001000
101100
100000
111101
011011
100101
000100
000000
101110
000101
100100
001010
001110
100000
000010
000100
000100
000100
101111
010000
000000
101101
010000
000010
110010
100110
001000
100100
101001
100011
110001
001100
101100
100110
001000
001000
001001
000011
101010
001101
000110
011001
101000
010011
110100
000100
001011
001010
000100
000001
100001
011100
000101
010100
110000
001000
100001
000000
100110
110111
010000
001101
110101
000010
100000
110000
000110
010000
110001
001001
010000
000100
001001
010001
000100
000100
010000
001001
010111
101010
000000
000010
100100
001000
100111
110011
000010
011010
010001
101011
001000
000110
100101
100010
010011
100000
000011
100000
000010
011001
110010
010000
011010
000001
001000
010001
100100
010000
000111
001100
001001
100110
011010
111000
001110
001101
000001
100111
000000
010101
101011
100010
000001
001010
001111
000000
100010
010010
000000
110000
010000
010000
101000
100101
000011
100110
000010
110000
000111
111011
001101
000101
100001
001001
110000
100100
000100
111101
000001
010110
101001
000110
010000
101101
001010
000001
001001
010000
010010
010000
000100
010001
100000
000010
110101
010010
001000
011000
001000
000000
010000
000100
000000
001101
100010
100001
000100
001001
001010
000010
111110
000101
010100
000000
000001
100101
100101
101101
011001
110000
010010
000111
001100
001001
000001
001000
000011
001000
011111
010001
011111
101000
100111
110011
000101
001100
101010
001000
101100
100010
000001
010100
000110
000011
100001
000100
000000
100000
010000
001001
100010
010111
100001
111001
010111
101001
100000
010100
000100
010001
100100
010110
101100
000100
001000
100100
000010
001000
001001
000000
001011
001110
010101
000001
000000
010010
010001
010010
001100
110000
001110
000111
000001
000110
111010
001011
010101
011111
000000
110010
000011
001011
110010
001000
010010
000100
010000
001100
000101
000000
000111
001001
000010
010001
100001
010110
001000
100000
000111
011001
001010
010100
100000
000010
000100
100001
101100
100000
000000
110001
001110
110111
011011
110000
000000
000010
100011
010100
000100
111000
000000
011001
100000
000000
011000
000001
101100
100010
000001
000101
101000
110001
111011
100101
010000
000010
000011
011000
100000
000100
000000
010111
011010
001000
010110
101000
100010
001001
101001
101010
101101
010010
100100
001101
001101
100000
100000
110100
000000
100110
011011
000100
101110
100101
000000
000000
010110
111000
011111
000001
100100
100001
001000
000000
000000
000000
011101
010000
100001
010111
100000
000100
000101
010100
010000
100100
101000
100000
101001
001011
110011
100000
000001
010101
110001
000101
101100
000010
000100
101001
100110
101100
100000
011001
100000
011000
101110
110011
101100
101101
111111
101100
100111
000111
111001
000000
010000
010001
000000
010100
110100
000110
011000
110100
001000
010011
111001
110000
101010
111001
100110
001010
110000
010100
111000
001011
100000
010001
000100
111111
011010
100011
000000
100110
111000
101001
111000
001000
101100
101110
110100
010010
100001
000000
001000
001000
111011
000000
000010
000000
000000
011111
010101
100000
001001
010101
101001
001001
110000
111111
111001
101100
000000
001101
110010
010010
000000
000101
101111
010100
001000
010010
010101
100010
000100
100110
110001
010111
010011
000001
110110
100101
101001
111000
000010
110001
011001
101101
101001
111111
101100
101100
111010
001100
001011
000001
110111
000101
000111
011001
000001
000111
110110
100111
000111
100100
000110
010111
100000
000001
001100
001001
101000
000000
101010
101001
111000
000000
011001
000011
100000
000100
100101
100001
010010
111100
100101
000000
000000
010010
000001
011100
110101
011011
000100
100010
101011
000010
011100
010000
001001
011100
101000
001001
000100
011111
100001
100001
100010
110010
001000
001000
010100
010000
110001
001010
001001
010001
010001
001000
000001
001010
010001
001110
100010
011100
000100
100100
011010
000010
111100
000010
010110
000101
011101
001001
110011
010000
110010
010001
011000
100000
011010
000101
100100
100100
010010
100101
100000
111100
100110
101001
110011
001001
000001
011110
001000
001010
000010
110000
100011
001000
010011
100000
000000
110100
000000
011111
100111
000001
110011
100000
000100
100000
100000
010000
101110
010000
001010
010000
101101
000011
101000
100001
011101
111101
000100
111111
000001
100101
000100
010101
100101
111011
011010
011100
010010
100111
000101
011011
010001
000100
000000
110000
010000
011000
001000
010110
001000
000001
000001
001010
101010
010110
011001
110000
000011
000000
101100
001100
100010
111111
110100
011010
111010
100100
010000
000010
000111
010111
000100
100011
001110
100000
101110
011100
001101
000000
001100
100001
100100
011001
000101
001000
000000
000001
010010
000000
010101
001001
001110
000000
000100
011111
011001
100000
010100
000001
100100
001000
010011
010000
000000
010100
100111
110001
110100
100010
110100
001010
100101
011010
001000
001001
001011
101100
100001
100001
000010
100001
001001
000010
011100
010001
000000
011000
000001
000100
110111
001110
010101
000000
011100
100100
000011
011100
100001
101100
100011
010000
010101
100100
101001
000001
100000
101101
110100
110001
100000
001100
011101
000000
011100
000000
011000
010001
001100
100011
001010
000011
011001
111101
000101
001000
011010
000110
011101
000110
001010
100010
010011
001000
000011
100011
010000
001010
010100
111000
000001
100000
100100
001010
001101
000100
110001
100010
101011
011111
010010
010100
101010
001011
000000
100001
000110
111110
000000
111001
011000
100101
100001
001000
110010
010001
001010
011000
001000
101000