000001
011100
001001
110000
010000
000010
101001
000100
000000
000000
100101
010010
001100
101101
100000
100001
000111
000010
100000
010010
001000
100101
011101
010000
000001
111011
110010
110000
100100
100110
100010
001010
001101
101100
001100
010011
010000
101001
000111
000101
001000
100011
000110
010011
010101
110001
000110
111100
010000
000001
000111
011000
000011
000000
100000
010101
010000
100100
101001
111011
001000
000000
110000
011000
100010
010000
010110
110000
100100
111001
000000
000010
001010
000001
100100
010000
110100
011101
110110
000000
010000
110100
110010
101001
101001
000000
001000
000011
010000
101001
011000
001100
001101
000011
010100
000110
110000
001010
010000
000110
101000
100000
010000
111010
001010
001001
101100
010000
001000
011001
010010
110001
001110
100010
100010
000011
000011
000000
001011
000000
110100
000000
111000
000100
100011
001000
010100
001001
001100
000100
001010
000100
111111
110001
001100
010000
100011
111101
100110
100010
101100
000010
110000
000110
011110
110011
110001
000001
100001
100101
000001
000100
000010
001000
001000
000101
001100
011100
011010
100000
000000
110001
111010
011100
011011
001000
000001
010000
001100
010010
010010
000110
100000
011000
100101
011000
110101
010101
000010
010011
010000
001000
001001
100000
101000
000101
000000
000000
010101
100010
011001
000000
101100
000110
001110
011010
000001
000000
100110
010011
010000
010010
100000
011000
000001
000001
001011
000110
001110
001000
000000
010110
110000
100001
011011
001010
101001
000001
110000
000000
110101
001001
100100
011010
010011
000000
111001
001101
010010
110001
101001
100000
100100
000001
000000
000000
000000
000001
010001
001001
011001
011101
001101
100001
000100
001010
010100
100010
001000
100011
000011
000110
010010
101101
110101
101000
000000
100000
010101
011010
011010
100100
100011
011100
010011
100000
000001
001111
100010
000100
011000
010000
100000
010010
011000
001000
001000
001000
100000
001000
000010
000100
011001
000011
101100
110010
001010
100000
101010
011000
000100
000110
010000
110010
000011
010000
100010
110010
001110
000000
011011
100011
010100
100110
100100
010001
101000
001100
111010
010000
100000
110010
011010
000000
000001
010011
010111
000001
110001
001100
000011
101110
000011
101100
010001
001011
111010
010001
110000
101001
100010
000110
000110
100001
110100
000001
001000
000000
011000
110100
001010
000101
010000
010000
110100
000110
001000
010000
000111
000110
001101
000110
000000
101010
000000
010010
110111
010101
111001
000101
000100
011000
000000
001101
101010
010010
011100
010100
000000
010000
100100
100010
011100
110100
001000
111001
001101
100010
110001
001100
010100
101010
110010
011000
001110
000000
100001
110100
100000
000000
111101
010101
000010
011001
000010
000100
010001
100011
010010
000000
000101
100111
111000
111100
100000
011010
100010
001001
011010
010011
010110
001000
001100
000000
010010
101010
110010
000010
100100
000101
000000
000000
100000
001101
000001
001111
110001
110001
100101
101110
010101
010101
000010
011111
010100
000010
001110
000011
000000
000011
000000
000110
000010
010011
000100
100100
111000
001001
000000
000000
000001
000000
101100
100100
100001
100000
011101
010010
000101
100110
101100
010101
000000
100000
111010
000100
000011
001000
000101
110100
000000
010000
000010
111000
001001
101010
001101
101110
000001
010000
000011
100011
000001
011011
010000
010000
010110
000011
000100
100011
000101
001001
000000
110010
010110
010000
000001
010010
010011
100100
000110
011101
000010
000110
111010
101001
010000
000000
101101
000101
100000
010100
010101
000111
101000
111111
000000
101110
011000
100101
001010
101000
000000
001100
010000
001000
101000
001001
001000
000110
100100
100000
100000
010001
101010
000101
000000
010101
000011
001000
001110
100101
000000
010000
001000
010000
001100
000000
000001
001101
010001
100011
000000
100100
100110
100000
010000
100111
010001
000000
000010
101110
100010
001001
100000
001100
010011
000100
110011
101111
000100
010010
101101
011010
110111
110000
100010
001110
000000
000010
101000
110100
011010
000001
000001
100000
001010
110111
100011
101011
111010
001100
001100
000000
111100
000101
010001
011011
000000
101011
000101
110000
100100
000111
010111
010011
001001
100000
110001
000101
000010
010011
010000
001100
000000
010100
011111
000000
110010
100110
110010
010100
000010
001111
101111
011100
011001
100000
010001
101000
101110
011000
010000
101011
000011
000011
010100
011010
111010
100100
110100
101110
011000
100101
100110
000110
000001
010000
000110
100110
000001
000100
010010
101111
000001
011100
100100
000000
000000
101000
000000
000010
100000
010101
100100
100000
000111
001100
101111
110100
010101
100000
111010
111000
000101
010111
010000
010010
001010
000000
110000
000001
101101
111101
110001
000000
000011
001001
001110
000010
010100
001100
011011
101000
100100
011101
100101
010001
000000
000010
001101
100000
001100
100000
101001
001010
001100
000000
000000
100001
011010
010100
011111
000100
001010
011000
010000
010010
011001
011101
011011
110010
110010
101011
000101
101110
100101
011101
001101
010101
010111
010011
000000
111001
001000
101000
011101
001011
110001
110011
000000
001000
100001
000100
001111
000101
000000
000000
000000
000010
000011
010100
010011
001110
101010
010111
011001
010010
000010
110010
010000
011010
010111
000100
010100
010101
101101
110001
001101
010011
000000
010000
000000
000010
000100
000011
011100
000010
000100
100010
000101
100000
000101
110000
110000
100000
100000
010000
110011
001000
000000
000101
111001
001101
000111
001001
100001
110000
010100
111100
011010
011011
000010
001010
010001
000000
110101
110110
010110
000001
110010
000010
010010
001011
100001
001010
110110
000000
000100
111001
100001
010000
100000
000011
000010
000000
000000
000100
000000
101000
000110
100000
100000
010000
000011
000100
010000
010101
001000
110001
111100
000110
101000
010011
100110
011010
000101
000111
100111
000000
010010
010111
000011
100110
010010
110010
001000
010110
000100
010110
010100
101010
001011
011010
000010
101000
001010
001100
011011
010000
011111
110100
001101
101001
010111
001011
000000
100100
010100
100000
000000
000000
111101
111100
001101
000011
000001
000000
010101
101100
000101
000000
000100
101010
010101
001101
110001
001110
101101
100011
010001
001100
000001
100010
011100
110000
000010
001001
100010
000100
100011
000101
010000
110011
001010
111100
100100
111110
100110
100100
011000
110000
100000
001100
001010
101000
001000
100000
001100
101100
111000
011000
011100
111100
001000
010011
000000
010010
010101
001000
100000
101011
010001
111110
110000
010100
101000
010001
110101
010110
000010
010110
000010
000000
110001
100110
000001
010000
001001
000100
010000
011000
100000
011000
000101
100011
000110
010101
000011
000010
111001
010000
001000
100100
000101
111010
010111
010001
011000
101000
110100
000000
010001
000001
000010
001001
000100
000001
001100
010100
101000
001111
001101
001111
100101
001000
100010
101000
001100
110011