010001
010011
000000
100000
101101
010010
000100
100001
001100
001010
110010
100000
010010
000011
001010
000000
000001
001110
000101
011000
001001
000000
010100
011100
001000
011101
010001
011000
010010
001001
001010
010011
000011
001000
000011
010101
000000
010100
000100
100111
100011
010001
001010
010000
110000
000100
111000
000110
110001
000000
001011
110100
011000
101100
100010
010001
100010
001010
110000
101100
011100
010001
101010
000001
110000
000111
010101
110010
111010
010100
101110
100110
000110
010011
110000
100000
101001
010000
110000
000010
000000
000000
000010
010000
001011
101000
100010
100111
010011
010100
100010
000010
001101
100011
011100
010001
001010
110010
000000
111101
000000
000011
000010
000011
100111
000000
011101
100010
011011
111000
000011
110011
010110
001000
001001
000101
101001
001000
000101
101001
001000
010100
110010
000000
000110
100010
001101
010000
010000
011101
001000
000000
000111
011010
110101
001000
010000
000010
110001
011100
001000
011011
101000
100010
000101
010000
000010
100100
110000
001001
000010
001000
110000
011000
000001
001111
110000
011011
111001
001000
000100
011000
010100
001000
001001
110010
000001
111001
011011
000101
101110
110001
101000
011011
001100
000100
000010
000100
100000
000000
010111
011000
100111
010010
010111
000100
001000
100010
100100
000010
111000
110001
110011
110001
000101
010101
000110
010000
011101
100110
100100
010000
001000
000000
001100
100101
000101
110010
000001
000100
000000
010001
011000
010010
010000
001101
000101
000000
111101
000001
101100
000101
000100
101100
000000
010111
010010
100111
110101
001000
000110
000001
001000
100001
000111
000100
000001
001001
011101
000010
111001
100100
001100
011001
010110
000001
010100
000010
000000
011011
010000
010011
010110
110000
100010
100000
010000
000000
110101
000011
101110
101100
000010
001010
100010
000100
100010
110111
001000
010100
110001
010001
101010
010010
010101
001000
000100
000110
000000
100000
000000
011110
101000
010011
000101
000010
110001
000101
000000
000011
100011
101101
010000
100000
111100
111000
101001
010010
010011
010000
011010
001010
001000
100111
000100
110001
001000
000101
010011
010010
011000
000000
011111
111010
000100
010001
101010
101101
000000
001010
000010
001010
000001
000000
011100
001100
101001
001001
100011
101100
100011
000000
011001
001111
100111
100000
100000
001010
001111
111110
000010
000110
011010
001001
100001
000110
010001
001001
011001
000100
110011
001101
000100
100000
110001
101110
000011
111110
011111
000011
001000
001011
010010
010010
011000
110000
100000
001100
101000
001000
000010
000101
000000
000000
000010
000011
100000
000010
000001
000110
011001
110100
100000
010000
010000
101001
000001
000001
100101
111100
111110
011010
010010
000110
010010
100010
000000
001100
101110
110011
001000
101010
011010
001000
000010
110111
001110
011001
001000
011010
101100
111000
011100
001100
000000
100001
000000
100000
010100
010010
100000
100101
100000
101100
101000
000000
101110
011110
001100
011000
000001
101110
000010
111100
010000
010000
000010
101010
011001
000100
011000
001011
000100
011001
000100
001001
001110
010010
000010
011000
010000
001100
000000
101000
000000
110001
000000
011011
001000
010010
101101
001001
000001
000010
000000
010101
101000
010101
110000
101000
101001
000110
001110
101011
000111
100010
010000
010000
100001
001101
011000
010011
010100
001110
001010
011100
000100
001001
000000
000110
100101
111010
000000
000010
010100
010001
000000
000000
101000
000000
000011
000100
000010
000010
100000
100000
000000
000001
000000
000110
001001
001011
000000
101100
001111
111010
110101
100100
001000
010100
001001
001000
000001
011010
001000
101101
000000
011000
111010
000110
011101
110000
000011
001110
001000
001000
110001
100100
001010
000001
000101
101011
101000
010000
010101
100001
000001
000001
101001
001011
001001
000000
000000
000000
000110
000110
101011
101101
001000
010100
100000
000100
000100
100100
101100
100001
101011
000000
000011
000110
001000
001101
000000
110010
100100
010001
111000
001010
010100
001010
000011
100001
110010
110011
001011
110001
011001
100110
000101
000011
010011
001010
001000
001100
011000
000000
010100
001000
110001
001110
010000
001101
010100
000011
001101
100010
100111
100101
011111
000011
100100
000011
000010
101001
000010
000000
001000
000000
010001
000010
010110
010000
001010
000000
101001
001000
011010
001000
000011
001010
100011
000011
110100
100010
001000
100010
010100
001000
000111
000111
010000
001100
000000
100000
000101
100100
101000
010000
011001
010000
100000
000001
011000
111000
000001
110000
101000
000000
000000
011010
001001
000010
001001
100100
100100
110000
000000
001010
110000
100110
000000
010010
001001
100010
000010
010010
100100
111110
101110
010100
101100
110100
000010
000011
110000
111000
011000
001000
100011
001000
000010
110000
010001
001010
010110
100111
101010
100001
000001
000000
010010
110101
000000
100001
000010
000010
000000
000010
011101
000001
000110
000011
001011
000011
000000
101110
101011
100111
011010
000100
100001
100001
001011
001000
001010
011000
000000
100000
000001
101101
001000
111000
000111
010000
000100
000100
010000
000100
000010
001110
011000
110010
011001
011000
111110
100010
011000
001000
101001
010111
000101
000010
011111
001100
011000
000010
001000
010101
001010
100000
101100
000001
101000
101110
010100
010000
001000
010001
110000
010010
100111
011100
010000
011010
000000
010110
000110
010100
010100
011000
001000
001011
111000
100000
010110
101001
001000
011000
000010
010110
010001
100010
000101
001101
001110
000001
011001
011111
000110
000010
010000
100010
001001
000111
000100
000010
010001
010010
011101
001001
100100
101100
010001
011100
010000
100000
000001
010111
010100
000011
000000
011100
010100
101010
000001
010011
110000
000010
000000
111110
001001
010010
101101
101001
110000
110010
000100
011010
011010
000110
101000
110001
011001
001000
001010
010001
001111
000100
000000
000000
000001
001000
110101
010000
000100
101010
000000
110010
001000
100000
000011
000000
010001
011001
000010
011100
010000
000001
010010
000001
110000
111010
010100
111010
001000
101000
000010
010010
000100
000101
000001
100011
100010
000000
011100
000000
001001
100010
000010
000011
101011
001110
100000
010111
011001
010000
011000
100010
101100
001011
000100
000010
001010
001110
000001
010010
101000
010011
011010
110001
100010
101001
010001
100110
001111
010111
000000
000000
100010
101000
100100
110001
010011
001100
111000
000000
100011
010110
110011
111010
010100
000000
011100
100011
010000
101010
101000
010000
000100
110011
010110
100010
100101
100101
100000
000010
100011
010000
000000
000011
010010
000000
010000
110000
100001
000100
110010
110100
010000
100011
011001
100100
100000
100100
000100
110010
001000
011100
010111
100110
011100
110000
000010
100110
101000
100110
000001
101100
011010
000000
000100
001010
000001
100101
100100
011011
000000
110011
001011
000001
001101
010110
000000
110111
000011
001000
010011
000010
111010
001011