000100
000000
000000
000010
000000
000000
000000
001000
100000
001000
000000
010000
000000
000000
100000
100000
010000
000101
000100
000000
000100
000000
000100
000000
000000
000000
000000
000000
000000
010000
000000
000000
000000
000000
000000
010000
000000
000000
000000
000010
000000
010000
001000
000100
000000
000000
000000
000000
100001
000100
000000
000000
000110
000000
000000
000000
000100
000000
000000
100000
000000
000000
000000
000000
000100
000000
000000
000000
000000
000010
000000
000000
000000
100000
000000
000000
000000
000000
000000
000000
000000
000000
000000
000000
010000
000000
111100
000100
000000
000000
000000
000000
100000
000000
100000
000000
000000
000000
000000
000000
000000
000000
000001
000000
000000
000000
000000
000000
000000
000000
000010
000000
000000
000000
000000
100000
000000
000000
000000
000000
010001
000000
000010
001000
000000
000000
000000
000000
000010
000000
000000
000000
000000
000000
000000
000000
000000
010000
100000
000000
100000
000000
000000
000000
000000
000000
000000
000000
000000
000000
000000
000000
001000
000000
000000
000000
001000
000000
000000
000000
000000
000000
000000
000000
000000
010001
000000
000000
000000
000000
000000
000000
000000
000000
000000
000000
000000
000000
000000
010000
000000
000000
000000
001000
000000
000000
000000
000010
000010
000001
000000
000000
000000
000000
000000
010000
000000
000000
000000
101000
000000
000000
000000
010000
000000
000000
000000
010001
000000
000000
100000
000000
000000
100000
100010
000010
001000
000000
010000
000000
000000
000010
000000
000000
001000
000000
000000
000000
000000
000000
000000
000000
000000
000000
000000
000000
000000
000000
000100
010000
000001
000000
000000
110001
000010
000000
000000
000000
000000
000001
010000
000000
000000
000000
000000
000000
000000
000000
000000
000000
010000
000000
000000
000100
100000
001001
010000
000000
000000
000000
010000
000000
000000
000000
000000
000000
000000
000000
100000
000000
000001
000000
000000
000000
000000
000000
000000
000000
000001
000000
000000
101000
000000
001000
000100
000010
000000
100000
000000
000000
000000
000000
000100
010000
000000
000100
000000
000000
000000
100000
000000
000000
000000
000000
000000
001001
000000
000000
000000
000000
000000
000000
000000
000000
101000
000000
000000
001000
000000
000000
000000
000000
000001
000000
000000
000000
000000
000000
000000
000000
000000
000000
000000
000000
100000
000000
000000
000000
000000
000100
000000
000000
000000
000000
000000
000000
010000
100000
000000
000000
000000
000000
000000
000000
000000
000000
000000
000000
000000
000000
000000
000000
000010
001000
000000
000000
000000
000000
000000
000000
100000
010000
000100
000000
001000
000000
000000
100000
000000
000000
000000
000000
000000
000000
100000
000000
000000
001000
000000
001001
000000
000100
000000
000000
001000
000000
000000
000000
000000
000100
000000
000000
000000
000010
000000
000010
001000
000000
100000
000000
000001
000000
000000
000000
000000
000000
000000
000000
000000
100000
000000
000010
000000
000000
000000
000000
000001
011000
010000
000000
000000
000000
010000
000000
000010
000010
000000
001000
000000
000000
000000
000000
001000
000000
000000
000010
000000
000000
000000
000000
010000
000000
100000
000000
000000
000000
000000
000000
000000
000000
000000
000100
000000
000000
000001
000000
001000
000000
000000
000000
010000
000000
000000
000000
000000
000100
000000
000000
000010
000001
000000
000000
000000
000010
000000
000100
000010
010000
000000
000010
000100
000000
000010
001000
000000
000000
000001
000000
000000
000000
000000
000000
000000
000000
000000
000000
000000
000100
001000
000000
000000
000000
000000
000000
001000
000000
000000
010001
000001
000001
000000
000000
000000
000010
000010
000000
001000
000010
000000
000000
000000
000000
000000
000000
000000
000000
000000
000000
000000
000000
000000
000000
000000
000000
000000
000001
000000
000000
000000
000000
000000
000010
000000
000000
010000
000100
100000
000000
000000
000000
000000
000000
000001
000001
000000
000000
000000
000000
000010
000000
000000
000000
000001
000000
000000
000010
000000
000000
000000
000000
000000
000110
000000
000000
000000
000000
000000
000000
000000
001000
000000
000000
000000
000000
000000
000000
000100
000000
000000
000000
000000
000000
000000
100000
000000
000000
000000
010000
000000
000000
001000
000000
000000
000010
000000
000000
010000
000000
000000
000000
000000
000000
000000
000000
000000
000000
000000
000000
000001
000000
000000
000000
000000
000100
000001
000000
000000
000000
000000
000000
000000
000000
000000
000000
000000
011000
000000
000000
000000
000000
000010
000100
000000
000010
000000
000001
000000
000000
000010
001000
000000
010000
001000
000000
000000
000000
000000
000110
000000
000000
000010
000000
000000
000000
000101
000010
100000
000000
000010
000000
010000
000000
000000
000000
000000
000000
000000
000000
110000
000000
000000
000000
010000
100000
000000
000000
000000
000000
000000
000000
000000
000000
000000
010010
000000
000000
001000
000000
000000
000010
100000
000000
000001
000000
001000
010000
000000
000001
000000
000000
000000
010000
000000
000010
000101
000000
000000
000000
000000
000000
000000
000000
000010
000000
000000
000000
000000
000000
001000
000011
000000
110000
010000
000000
000000
000000
000000
000000
000000
000000
000000
000000
000000
000000
000001
000000
000000
000000
000000
000000
000010
001001
000000
001000
000000
000010
000000
000000
000000
000000
000000
000000
000000
000001
000000
000000
000000
010000
000000
000000
000000
000100
000000
000000
000000
000000
000000
100000
000000
000000
000000
000000
000000
000000
000010
000000
000000
000000
000000
000000
000000
000000
000000
000000
000000
000000
000000
000000
000000
000000
000000
000000
001000
000000
000000
010000
000000
001000
000000
000000
000001
000000
000000
000010
000000
000000
001000
000000
000100
000000
000011
000000
000001
000000
000000
000000
000001
000000
000100
000000
000000
000000
000000
000010
000000
000000
000001
000000
000000
010000
000000
001000
001000
000000
000101
000000
000000
000000
000001
000000
000000
000000
000000
100000
000010
100000
001000
000000
000000
000000
000000
000010
000100
000000
000000
000000
000000
000001
000001
000000
000000
000000
000000
100000
000000
000000
011010
000000
000100
000000
000000
000000
001000
000000
100100
000000
000000
001000
000000
000000
000000
000000
000000
100100
000000
000100
000000
000000
000000
000000
000000
000000
000000
010000
000000
000000
000000
000000
000000
000001
000000
001000
000000
000000
000000
000000
000000
000000
000100
000001
100001
000000
000000
000000
000000
000000
010100
000000
000000
000000
000000
000000
000000
000000
000000
000100
000000
000000
010100
000000
000000
000000
001000
000000
000010
000000
000000
000000
000010
010000
000000
011000
000000
000000
000000
000001
000000
000000
000000
000000
000000
000010
000000
000001
000000
000010
010000
000000
000000
000001
000000
000000
000100
000000
000000
000000
000000
000000
000000
000000