010000
010000
001110
010011
100101
101010
010000
000000
010000
010000
011101
000000
000110
000010
000101
000000
110000
010101
010100
001000
111000
110100
010010
100100
000011
000000
001000
000000
010010
000010
001000
001000
011110
001000
101000
001001
000101
000000
010100
100000
000100
000001
000100
000000
000000
111000
000001
010000
000000
100000
010010
000000
000010
101001
000010
000110
110000
100000
101100
100011
110000
000000
000000
100000
000110
000100
000000
000001
001110
000000
010000
100000
110000
110010
011100
010000
000001
001000
001000
010011
000000
000001
000011
000101
100100
010010
000100
100010
111000
001101
000001
101010
000000
110010
000000
000000
000100
101000
000000
000001
100100
100000
000000
010010
010010
000000
000000
100000
000000
101100
111001
100001
000010
000000
000000
100100
011000
000010
010010
110000
000000
000101
010000
000000
011000
100010
000100
100000
010100
000000
010001
010000
000000
000000
010010
000000
000000
000000
110100
010000
100001
000010
001101
001000
001100
100011
000100
011000
001010
000001
001001
000110
100011
110000
000100
110000
100000
001010
001000
101010
000000
100100
100000
001000
001000
101100
000001
010000
000000
110000
010000
000000
000010
010000
011010
011000
000100
000000
010101
110100
001000
000000
100000
000100
010000
000101
001000
010000
100001
010001
000001
101001
000000
001000
000000
100001
000101
001100
000000
010000
000001
000010
000010
000111
000000
100000
000010
101100
010000
001100
100000
000011
000000
000001
101010
000000
000000
001000
100001
000000
000000
110000
000010
010011
010010
110110
001000
001000
100000
010001
000000
000001
001000
100000
000010
001100
111000
000000
000000
000001
100000
100101
000110
001000
000001
001101
100011
100001
010010
100000
000101
000000
011001
100000
000001
100000
100011
001011
000000
000100
000001
000000
010000
101000
010011
000000
100100
000100
000000
000101
001001
011000
100010
111000
011001
000000
010100
011100
000001
100000
000000
001001
100000
010000
011010
001100
000110
000000
010100
010100
000110
001000
100000
000000
000000
010011
001000
000001
001100
101011
001000
010010
000011
001000
000000
100000
110000
010001
000110
001000
100000
010000
101000
000000
000000
100001
001001
100100
000100
000100
000001
100000
010110
110000
010000
000100
000000
001101
001000
000000
010001
000000
100010
010100
000000
000000
000000
001010
000101
000011
000000
101010
000111
100000
100001
001000
000110
100010
010001
000001
000110
010001
001010
000010
000010
100100
110000
010000
001010
000000
100010
010010
101100
100000
100000
101001
110100
000000
010010
010000
000000
110000
001010
000000
000001
001000
100000
001001
001011
110011
100000
000000
000011
000010
010000
110001
001001
011011
100000
001101
100000
001100
101111
001000
100000
100010
000010
000111
000100
010000
000001
100001
101000
011101
000100
000000
001110
000100
101010
000010
000010
001010
010000
010101
010010
101100
000000
000000
010000
100110
100011
010000
000001
001010
000101
101000
001100
010011
001000
000111
000000
000000
000000
010101
000110
000000
000011
001100
010001
010011
110100
011000
000000
001100
100001
000000
000110
100000
001110
000000
001100
001000
100100
110000
101001
010001
000000
000100
100100
011000
010001
101001
101001
000001
100000
001010
100000
000100
000001
001100
100010
010100
000001
001100
100100
001000
101000
101100
110000
000000
010110
010101
100001
011000
000000
010100
001010
000010
000001
000011
100000
000000
000100
011000
010001
011010
000000
001000
110001
010100
001000
100000
001000
001000
111101
001010
000000
100001
101010
000101
001101
000100
001000
000000
010001
000000
000001
010000
000100
001000
000010
000000
000000
000100
110000
000010
000001
100001
100000
100000
000001
000000
000000
000000
010000
100100
110000
000000
000100
000001
011010
011000
000100
000001
000000
000010
100000
001000
101000
000000
100000
110000
000000
110011
000100
110000
010010
001100
010101
000000
001001
010000
000001
000011
000001
100001
001010
110001
000000
101000
111000
000000
000001
000000
001000
000010
100001
100100
000010
000000
010001
010010
000011
000000
000100
100110
000100
000000
100010
001011
010010
000000
101001
101011
101000
000000
100010
001001
110000
010000
001000
000011
000010
010101
000000
001110
110010
000000
101000
000000
000000
000000
000000
000100
000100
100000
100100
000100
000010
001000
010000
010100
001100
100000
000010
100100
000110
000000
000000
010110
010000
000001
100011
001100
000000
011000
000000
011000
000000
010110
001010
000001
100000
100000
000000
010000
101010
101001
100000
001000
000110
000001
010010
000100
100000
010000
011100
000001
000000
011000
000010
101001
100010
001100
100000
000000
000110
100000
010000
000001
001011
100100
000010
000100
000000
000010
000010
100001
100000
010101
000001
010000
000010
000100
010000
001001
101001
110000
000010
000000
100001
010000
010100
001001
010000
000010
000110
010011
100000
000100
001010
000110
000100
000000
010000
000000
001100
001001
001000
010110
000000
010010
110000
010000
100000
001100
110010
000001
000000
000010
000001
000000
000010
110100
001110
000000
001011
000000
001000
000000
001001
001100
000010
010000
010100
000000
110001
001010
000011
010010
001000
001100
000001
000010
001010
001000
000000
010000
110000
101000
000101
010011
100000
110100
010100
110100
000001
000010
100000
000001
000111
010110
000011
011110
000000
100000
010000
000010
100000
010000
000111
110110
100100
000000
010001
000000
000011
001001
000000
010000
011001
100010
101000
010000
000001
001010
000100
000011
100101
000000
010001
010000
001000
110001
001110
000000
110100
000000
100100
100001
000100
000000
000000
000001
000110
000011
000100
010000
101101
100000
000011
010000
001000
010000
000000
100101
000010
000000
100000
000000
100010
001100
100000
001000
010000
010100
001000
000001
000001
000000
101001
010001
000000
100101
011000
000000
000000
100010
000000
001000
000000
001000
011000
100000
010100
100110
000010
100000
011000
000011
001100
010010
011010
000000
000010
011000
000101
000001
010000
000010
111001
000000
001000
010010
111000
000000
010000
000010
000000
001001
000000
100010
010111
111100
000000
110000
000001
000100
010000
111010
011000
100001
000010
000000
100000
000111
101100
000100
000001
000010
000000
000110
100000
000000
010010
001011
010100
010000
000010
100100
100001
000011
010111
000000
000100
100000
110010
000000
000000
110111
100000
000101
000010
000010
011100
001000
000100
010100
010101
000100
100111
000000
010000
001000
110100
100000
000010
100000
000000
000001
001000
000000
000000
100011
110001
000000
000011
001001
100100
010001
001000
000000
000100
100100
011000
100001
010000
001001
000000
011000
000100
010101
000000
010010
000010
000000
010000
000000
100011
000100
010000
001011
000100
000010
100000
000010
100100
000111
000111
000000
000000
100101
001010
010000
000010
000110
101000
000000
000000
011001
000000
000000
001000
000010
000000
000000
100110
000101
001000
010100
000001
001100
000000
010010
000001
100000
000001
000000
000001
100100