000011
001001
110101
010010
000010
000101
000010
011100
100101
011001
000001
000000
000100
000000
001110
000001
010100
000011
000010
110000
100001
100000
000001
000101
100111
111000
010000
010000
110010
010000
111000
001000
001000
010010
101000
101000
000001
000100
001010
101000
000010
100101
000001
100111
011000
000000
010000
011100
001000
001000
000000
110000
100000
101010
001000
001010
000011
000001
000000
000100
010000
000000
000101
000001
000000
000010
000000
000000
000001
110000
010010
001000
100000
000000
000101
001000
010100
000000
000000
010100
110001
000100
100000
100001
100011
011000
010101
100100
100000
001001
000100
000001
101001
010001
000110
100000
010010
010001
000010
000001
001010
001001
011000
100001
100000
000101
001110
100000
101100
001101
101001
000000
010010
000010
000000
000001
000000
001010
001101
000011
000000
000010
001000
001000
000100
001000
000100
001000
000000
100001
001000
000000
101000
000100
001010
000010
100001
000010
100000
001000
100001
001001
001010
010000
000010
011100
000000
000010
100000
010000
010101
101001
011001
000001
001110
000001
100000
000111
010000
101000
010100
000010
001001
100010
000000
110110
101000
000110
010100
101000
100000
000000
000000
010011
001010
110100
001010
000110
001000
000000
010010
110000
011000
000000
001001
000011
010000
100010
101100
000001
010000
000000
000100
000001
000001
100001
000000
000100
010101
011010
110000
000000
011111
000000
010111
000000
000000
000101
011001
000011
001000
100000
001000
110000
000001
000000
001000
000001
000001
000010
000001
000010
001000
001000
010001
000001
010000
010000
010001
010010
000000
100110
101001
011001
110001
110010
000000
001001
010010
000010
010001
101000
111100
000000
010000
010001
000000
010000
001000
000010
100000
000010
100001
000011
010101
010100
100000
000000
110110
000000
000100
001000
000001
001000
100000
011000
001100
000000
000000
000010
000000
000010
000101
000000
001101
110000
000011
011011
000000
000000
111000
100000
000001
000110
000100
000000
000110
100000
001000
000000
010000
000100
000001
001000
100000
101100
000000
010100
100100
010001
001011
000001
010000
000010
001011
010010
111010
000010
100011
010101
010000
001111
000110
110000
010000
000100
010000
010010
000100
100000
001000
000100
000001
011000
100101
011000
101111
001000
000010
100000
100000
100000
000000
010110
110001
000000
100000
000100
000000
100000
000000
000000
001110
000001
000000
100000
000000
000000
110000
101000
100001
100100
000011
100100
000100
001000
101000
100001
100101
101000
100000
001100
000100
000101
011001
001000
010000
000100
001000
000001
000000
001000
001001
100000
010100
110001
100011
000000
011000
000010
010010
000000
101000
000011
000001
011001
011101
000000
000100
000000
010000
000010
000000
110000
011000
010100
110000
001110
000000
010010
011001
001010
101000
101000
000001
001100
110110
100000
001011
000000
100000
000010
000101
000110
010000
001100
000000
000010
010001
110000
101010
001000
000000
100000
000010
000001
101000
000000
100010
011100
000000
101001
100010
010101
010011
101010
010010
001001
100001
000010
100000
100100
000000
000101
010010
100001
000100
000010
011010
011000
011001
110000
010001
001011
000001
011100
000000
101000
000000
001111
010001
000010
011000
000000
111110
000000
111001
000000
100000
000000
000011
000000
011000
010100
100001
001001
000100
000010
110000
010000
100011
000000
010000
010010
000010
011010
000100
011000
010000
000010
001010
000100
110010
100100
000000
101010
000000
010110
011000
000010
100110
000010
110001
100010
100000
000000
010000
100000
000000
000001
010000
000011
000101
000000
000010
010000
001000
100110
101100
000110
000000
000000
101000
010110
110000
000100
100010
100001
000001
100100
000001
110000
011010
100000
001100
100010
001100
000000
000010
011010
001000
100010
100100
100000
010001
001000
000011
010001
000011
000100
111010
010000
010110
100100
000100
000000
010000
000000
000000
000000
011000
001000
110000
100000
000000
001000
001000
001000
001000
101011
000100
010001
000010
000100
000111
011000
001111
100100
111010
000000
011010
001000
001000
000010
000000
000000
100010
000001
000000
010100
000110
010000
110000
010010
010000
001100
010001
000010
011000
010000
110000
011000
000000
010110
110000
011000
100001
000011
100001
000000
001101
001001
000000
011100
000000
000100
010000
011100
100000
001000
010101
110011
000000
001000
000100
100001
001010
000100
001000
001001
001101
000000
110110
000101
000000
000000
000000
110101
000011
000101
010000
010000
100100
110000
101000
000000
100100
010000
010000
100000
010100
000101
011000
001010
111110
000001
000100
001000
111100
000001
000110
000000
111010
001000
000000
000100
000001
010001
100000
101000
000001
000000
000000
000000
000010
010000
000001
100000
010000
000000
001000
000000
000001
110000
000001
100001
000001
001101
100000
010000
000100
101010
011001
000000
000110
001000
000000
000000
000000
010011
011001
001000
010000
001000
000000
000110
010100
100100
001000
010011
000010
010000
000000
000101
000100
010011
000000
010000
011011
000001
000011
100010
011011
001100
000010
000010
101010
001001
000000
000000
101010
001000
001001
010000
100101
000000
000000
000010
011100
011001
000000
001001
000000
110001
000001
010000
001100
000101
010010
010000
001010
000100
110010
000010
010100
000000
000001
010010
000010
000001
000100
100001
100000
001001
001010
000101
000001
001000
100000
001100
000000
100000
000001
000100
001100
001000
001100
110010
000000
000000
000000
100100
000000
000001
100000
010011
000001
011000
000000
000100
010000
000010
000011
000001
100010
000000
010111
000001
000000
000110
000001
000000
100110
111010
110010
110000
000001
110000
000000
000000
100100
011000
000010
000001
000010
010000
100001
010000
000010
000000
100000
000000
000100
010000
100100
010000
010000
000001
011001
000100
000010
111010
010100
100110
001010
001011
000000
000100
100100
000000
000000
100000
100011
010011
110001
001011
000001
101110
110001
010100
111001
000001
010000
001011
011100
000010
100000
010000
100000
010011
010001
000010
100001
010000
001000
000110
100000
011001
001010
000101
001100
100000
000000
000101
000000
000100
110000
010001
000000
110000
010000
111011
001111
010000
000000
000100
000001
100100
000100
000001
100001
100010
110011
000001
011100
000000
100000
000000
000010
110110
000001
000000
100000
011000
000100
000001
001000
010000
010111
100000
100010
110000
001110
100001
110011
100101
001110
011000
000000
000010
000000
001001
010000
000110
001000
000100
000100
010001
000001
001100
001101
000101
010000
101000
000110
110000
000000
000100
101001
100010
000100
010000
100101
000100
000000
000000
000000
100000
010011
101000
000000
010000
100001
000000
010000
111000
000000
111000
010001
101000
010000
001100
000000
111000
001000
011011
000011
000010
000011
100010
100000
011010
100001
101100
110010
000000
010000
000010
000000
000000
010100
000101
000001
000010
100000
000100
100000
000000
100000
110000
011000
011011
110001
000011
010101
000000
000001
000101
000000
001000