000000
000010
000100
000000
000000
000000
000100
000000
000000
001000
000000
000000
000000
000000
000000
000000
000000
000000
010000
001000
000000
000000
000000
000010
000000
000000
010000
000000
000000
000000
000000
000000
000000
100000
000000
101000
000000
000000
010010
000000
000000
000000
000000
000000
000000
000000
000000
100000
000100
110010
000001
000000
000000
000000
000000
000000
000000
000000
100000
000000
000000
000000
000000
000000
000000
000000
010000
000001
000000
000000
000000
000000
000000
000000
000000
000000
000000
001000
100000
000001
100000
000000
000000
000000
000000
010000
000000
001000
000000
000000
000000
000000
001000
010000
000000
000010
000000
000000
000000
000001
000000
000000
000000
000000
000000
000000
101000
000000
000000
000000
000000
000000
000000
000000
000000
000000
000000
000000
000100
000000
000100
000000
000000
000010
000000
000000
001000
000010
000000
000000
000000
000000
000000
000000
000000
000000
000000
000000
000000
000000
001001
000000
000000
000000
000000
000000
000010
000000
001001
000000
000000
000001
000000
000000
000000
000000
000000
001000
000000
000000
000000
000000
000000
000100
000100
000000
000000
000001
000000
000000
000000
000000
100000
000000
000000
000000
000000
000010
000010
000000
000000
000000
000000
000000
000000
100000
000000
000100
000000
000000
001000
000000
000000
000000
000000
000000
010000
000000
000000
000000
000000
000000
000000
000000
000000
000000
110000
000000
000000
000000
000000
010000
000010
000000
000011
010000
000000
000000
000000
000000
000000
000000
000000
000000
000100
100000
000000
000000
000000
000000
000000
000000
000000
000000
000000
000000
000000
000000
000000
000000
000000
010001
000000
000100
000000
000000
100000
000000
010100
001000
000000
000000
000000
000001
000000
000000
100000
000000
000000
010000
000000
000000
000100
000000
000000
000000
000000
000000
000000
000000
000000
000100
000000
000000
000000
000000
000000
000000
100001
000000
000000
000000
001001
000000
001000
000000
000000
000000
100000
000000
001001
000000
000000
000000
000000
000000
000000
000000
110000
000000
000000
000000
000000
000000
000000
000000
001000
001000
000010
000010
001000
000000
000000
000000
001000
010000
000000
000000
000000
100000
000010
000000
000000
000001
001000
000100
000000
000000
000000
000000
000000
010001
000000
000000
000000
000000
000000
000000
000000
100100
000100
010011
000000
010000
000000
000000
000000
000000
000000
000000
000000
000000
100000
000000
000010
000000
000000
000000
000010
000100
000000
000000
001000
000000
000000
100000
000000
000000
000000
000100
000000
000000
000000
000000
000000
000000
000000
000000
000000
000100
000000
010000
000000
000000
000000
000000
110000
000000
000000
000110
000000
100000
000000
000000
000001
000000
000000
001000
000000
000000
100000
000001
000010
000000
000000
000000
000000
000000
000000
000000
000000
000010
000000
000000
000000
000000
000000
000000
000010
000000
000000
100000
000000
000000
000000
001000
000000
010010
100000
000000
000000
000000
000000
000000
000000
000000
000001
000000
000000
000000
000000
100000
000000
000000
000000
000000
000001
000000
000101
000000
000000
000100
000000
000000
001000
000000
000000
000000
000000
000000
000000
100000
000000
000000
000000
000010
000000
000000
001001
000100
000000
010000
000000
000000
000000
000000
000000
000000
000100
100000
100000
000001
000000
000000
000000
000000
001000
000000
000000
000000
000000
000000
000000
000001
000000
000000
000000
000000
001000
000000
000000
000000
000000
000000
000000
000000
000000
000000
000010
000000
000000
000000
000000
100000
000000
000000
001000
100000
000000
000000
000000
000000
000000
000000
000000
100000
000000
000000
000000
000000
000000
010000
000001
000000
000000
000000
000000
000000
000000
000000
000000
000100
000010
000010
000000
000000
000010
000001
000000
000000
000000
000001
000001
000000
000000
000000
000000
000000
100000
000000
000000
000000
000000
000000
000100
000000
010010
000000
001000
000000
000000
000000
000000
000000
000100
000000
000000
000000
000000
000000
100000
000000
000000
000000
100000
000000
000001
000000
000000
000000
000000
000100
000000
000000
000000
000000
000000
000000
100000
000000
000000
000000
000000
001000
000000
000000
000000
000000
000000
000000
000000
000000
000010
000000
000000
000100
001000
010000
100000
000000
000000
000000
000000
000100
000100
000000
000000
000000
000000
000000
000000
010010
000000
000001
010000
000000
000001
000000
000000
000000
000000
000000
000000
000000
000000
000000
000000
000000
000000
000000
000000
000000
100010
000000
000000
000000
000000
000000
000000
000000
000000
000000
000000
000000
100000
000000
001000
000000
000000
000000
000000
010000
000000
000100
000100
000000
000000
000000
000000
100000
000000
000000
000000
000000
000000
000000
000001
000001
110000
100000
110000
001000
000000
100000
000000
000000
000000
000000
000000
000000
000000
001000
000000
000000
000000
000100
000000
010000
000000
000000
000000
000000
101000
000000
000000
000000
000000
000001
000000
000000
010000
000010
000000
000000
000000
000000
000000
000000
000000
000000
000000
000000
010000
100000
000000
000000
001000
000000
000000
000000
000000
010000
000000
000000
000000
000100
000000
000100
000000
000000
000100
000000
000000
000000
000000
000000
000000
000000
010000
000000
000000
100000
000001
000001
000000
000000
000000
000000
010001
000000
000000
000000
000000
000000
000000
000000
000000
101000
010000
000000
000000
000000
000000
000000
000000
000000
000000
000000
000000
000000
000000
000010
000000
010000
000100
000000
000000
000000
000000
000000
000000
000000
000000
000000
000000
000000
000001
000000
000000
000000
000000
000000
000000
001000
000000
000100
000000
000100
000000
000000
000000
000000
000100
000000
000000
000000
000000
000000
000000
000000
100000
000000
000000
100000
000000
010000
000010
001000
000000
000000
100000
100000
000000
000000
010000
100000
000000
010001
000001
000000
000000
000000
000000
000000
000000
000001
000000
000000
000000
100000
000000
000000
000000
000000
000000
001100
000000
000000
000000
000000
000000
000000
000000
000000
000000
000000
000000
000000
000000
000001
001000
001000
000000
000000
001000
000000
000000
000000
000000
000000
000100
000000
000000
000000
000000
000000
000100
000000
000001
000000
000000
000000
000000
000000
000000
000100
000000
000001
000000
000000
000000
000000
001010
000000
001000
000001
000000
000000
000000
100000
000001
000000
000000
100010
000001
000000
000000
000000
000000
000000
000100
000100
000000
001000
000000
000000
000000
000000
000000
100001
000000
000000
000000
000000
000000
000000
000000
000000
000000
000000
011000
000000
000000
000000
000000
000000
000000
000000
000000
000000
000100
001000
010000
000000
000000
000000
000000
000000
000000
000000
000000
000000
000000
000000
000000
000000
000100
000000
000000
000000
000000
000000
000001
000000
000100
000000
000000
000000
000000
000000
100000
000010
010000
000100
100000
000000
000000
000000
000000
000000