000100
000000
101000
000000
000001
000000
000000
001000
000000
000000
010000
000000
000000
000000
001000
000000
010000
000000
000000
000100
000000
000000
000000
000000
010000
010000
000000
000000
000000
000000
000000
000100
000000
000101
000000
000000
000010
010000
000000
000110
011000
001000
000000
000100
000000
000000
000000
000000
000000
000000
000000
000000
000000
000000
000000
000000
000000
000000
000000
000000
000000
000000
000000
000010
000000
000100
000000
000000
001000
000000
000000
000000
000000
000000
001000
000000
000000
000000
000000
000000
000100
000000
000000
000000
000010
000000
000000
000000
010000
000000
000010
000000
000000
000000
001000
000000
000000
000000
000000
000010
000001
000011
000000
000000
000000
000000
010000
100000
000000
000010
000000
000000
000000
000010
000000
000000
000000
000000
000000
001100
000000
000000
000000
000000
001000
101000
000000
000000
000000
000000
000000
000000
000000
010100
000000
000100
000000
000000
000001
000000
000000
000000
000000
000001
000000
000000
000000
000000
000000
000000
010000
000000
000000
000010
000000
000000
000000
000010
000000
000000
000000
000000
000000
000000
100000
000000
000000
100001
000000
010000
000000
001000
000000
000000
000010
000000
000000
000000
000000
000000
001000
000000
001000
000000
000000
000000
000000
000000
001000
000001
000000
000000
000000
010000
000000
000000
010100
000000
000000
000000
000000
000001
000000
000000
000000
010000
000000
000000
000000
000000
000000
010000
000000
000000
000000
000000
000000
000000
000000
001000
000000
000000
000000
000000
100010
000000
000000
000000
000000
000000
000000
100000
000000
000000
000000
000001
100000
000000
000000
000010
001000
000010
000000
000010
000000
000000
100000
000000
000000
000000
000000
000000
000000
000000
100000
000000
000000
000000
000000
000000
000000
010000
000000
100000
000000
000000
100000
000000
000000
000000
000000
000000
000000
000010
000000
000000
000010
000000
000000
000000
000000
000100
000010
000000
000000
000000
000000
000000
010000
000000
000000
000000
000000
000000
000000
000000
000000
000000
000000
000010
000000
000000
100000
000000
000000
000000
000000
000000
000000
000000
000000
000000
000000
000000
010000
010000
000000
000000
000000
000000
000000
000000
000000
000000
000000
000000
001000
000000
000000
000000
000000
010010
000000
000000
000000
010000
000000
000000
000000
000000
000000
000000
000000
001000
001000
010000
000000
000000
000000
000000
000000
000000
000010
001000
000001
000000
000000
000000
000000
000000
000000
000000
000000
000100
000000
000000
000000
000000
000000
000000
000000
000000
000000
000000
000000
000000
000000
000000
100000
000000
001000
000010
000000
000000
000000
000000
000000
001000
001000
000000
000000
000000
001000
100000
000000
000100
000000
000000
000000
010000
000000
000000
000100
000100
000000
000000
000000
000000
001000
000000
000000
000000
000101
000000
000000
000000
000000
000000
000000
000000
000000
010000
000000
000000
000000
000000
000000
000000
000000
000000
000000
000000
000000
000000
000000
000100
000000
000000
010000
100000
000000
000000
000000
000000
000000
000000
100000
000000
000000
000000
010000
000000
000000
000000
000000
000000
000000
000000
000100
000000
000000
000010
100010
000000
001000
001000
000000
000000
000000
000100
000000
000000
000000
000000
000000
000000
000000
000000
000000
000000
000000
000000
000000
000000
000000
000100
000000
000000
000000
000000
100000
000000
000000
000000
000000
000000
000000
000000
000000
000000
000000
000000
000000
100000
000000
000000
000000
000000
100000
100000
000100
001000
000001
000100
000000
000000
000000
000000
000000
000000
000000
000000
000000
000001
100001
000000
000000
000100
000000
100000
000000
000000
000000
000000
000000
000000
000001
000000
000000
000000
000001
010000
000101
000000
000000
000000
001000
000000
000000
000000
000000
000000
000000
000000
000000
001000
000000
000000
000001
000000
010000
000000
000100
000000
000000
000000
000000
000000
010000
000000
000000
000000
000000
000101
000000
010000
000000
000000
000000
000010
000000
000000
000000
001000
000000
000000
000000
000000
000000
000000
000000
000001
000000
000000
000000
000000
000000
000000
010000
000000
000000
000000
000000
000000
001000
000000
000000
111000
000000
000000
000010
000000
000000
000000
000000
000000
000000
000000
000000
000000
000000
000000
000000
000000
000000
000000
000000
000000
000000
000000
000010
100000
001000
000000
000000
100000
000000
000000
000000
000000
000000
000000
000010
000000
000000
000000
000000
000010
000100
010000
000010
000000
010000
100010
000000
000000
000000
000000
000000
000000
000000
000000
000000
000000
000010
000000
010000
000000
001000
000000
000000
000000
000000
000000
000000
000000
000000
000000
001000
000000
000000
100000
000000
000000
000000
000000
000000
000000
000000
000000
000100
000000
000000
000000
000000
000000
001000
000000
000000
000000
000010
000010
010000
000100
000100
010000
000000
000000
000000
000000
000010
000000
000000
000000
000000
000000
000000
000000
000000
000000
000000
000000
000000
000000
000000
000000
100000
000000
000100
000000
100000
000000
000000
000000
000000
000000
000000
000000
000000
000000
000100
000000
000000
000010
100000
000100
000000
000000
100000
000000
000000
000000
000000
000000
000000
000000
100000
000000
000000
000000
100000
000100
000000
000000
000000
000010
000000
100000
000000
000000
000000
000000
000000
000000
000001
100000
000000
000000
000010
000000
000000
000000
000001
000000
000000
000000
000000
000000
000000
010000
000000
001000
000000
100000
100000
000000
000000
000000
010000
000000
100000
000001
000000
000000
001000
000000
000010
000000
000000
000000
000000
000000
000000
000000
110100
000000
000000
000000
000000
000000
000000
000100
000000
101000
000000
000000
000000
000000
000000
000000
000000
000011
000000
000000
000000
000000
000000
000000
000000
000000
000000
000000
010000
000000
000100
000000
000000
000001
000000
001000
000000
000000
000000
000000
000000
100000
000000
000000
000001
000000
000000
000001
000000
000000
000000
000000
000000
000010
000000
000000
100011
000000
000000
000000
001010
000000
000000
000000
000000
000000
000000
000000
000000
110000
000000
000010
000010
000000
000000
000010
000000
000100
100001
000000
000000
001010
000001
000000
000000
000000
000000
000000
000000
000000
000000
000000
000000
000000
001000
000000
000000
000000
000000
000000
000000
000000
000000
000000
000000
000001
100000
001000
000000
000000
000100
000000
000000
000000
000000
000000
000000
000001
000000
000000
000000
000010
000000
001000
000000
000000
000101
000010
000000
000000
000000
000000
000000
000000
000000
000000
000000
001000
000000
000000
000000
000000
000000
000000
000000
100000
000000
000000
000000
000000
000000
000001
101000
000000
000000
000000
000010
000000
000000
100000
010000
000000
000000
000000
100100
000000
000000
000000
000000
000000
000000
000000
000000
000000
000000
000000
100000
000000
000000
000000
100000
000000
000000
000000
000000
000000