001000
000110
010001
111101
001011
001101
010001
111001
001011
101000
011000
000001
010111
110001
110101
000100
000010
111001
000001
010001
011101
101010
011100
100110
100100
000000
101101
101110
000110
010011
000000
000000
100101
011000
010001
111110
010100
101001
110001
001110
111001
000110
111111
000010
111101
111010
100000
111000
111101
010110
011100
001101
001011
011111
100010
100011
100111
100100
000000
110000
000001
100110
011100
000010
000001
010011
011011
111011
010010
001011
110111
101101
111101
100100
010000
000101
110101
110100
000011
110010
101010
010111
001111
000000
101000
010010
000000
110011
100000
010000
110110
010101
011000
110111
011011
001000
101001
100000
111011
000010
101000
110100
111000
110010
110000
000110
100000
011000
110010
110111
011100
011001
111001
000001
011100
000000
011110
000101
100000
001000
011011
101000
100101
000000
101110
001000
001110
111000
011111
010101
010000
010110
101000
010011
100100
110111
000001
000011
110111
010001
101010
001101
110110
110100
101011
101100
100111
010000
011111
001100
001001
000000
011101
010010
011000
100000
010010
001010
001010
111011
101011
000100
110011
100100
110000
100011
000010
100011
000100
000001
100110
001011
000111
111100
101011
001011
010010
000100
011010
010100
010010
010001
110010
100011
100001
010110
000011
001100
100110
001001
101110
000010
011100
010000
101101
100001
000011
110111
000001
100110
100001
001100
010110
100011
010100
000110
011001
001110
110000
011001
000100
011001
110100
001001
111101
110100
001001
011000
000001
110010
001001
101000
100001
101010
110001
010011
111010
001001
001101
110111
001010
000010
010000
001101
110011
011101
101011
101010
101011
011001
010000
011100
110110
111000
011010
000100
011111
100011
001010
100010
000101
000011
010101
111010
000111
101001
000110
001110
101100
101010
110000
011100
100101
000110
001011
011110
101011
110011
101101
100011
010001
111110
100111
011010
010000
001011
101000
010111
111110
001111
000100
000111
011000
000111
100011
101110
010100
100000
101110
101101
111111
001101
111100
001001
101111
010011
000100
000100
001001
111111
100111
101001
111111
000010
111100
010100
001011
101010
100101
001110
100110
001100
100010
101100
000110
010001
011110
011101
010100
110000
000100
010000
110010
000011
110000
100000
010011
111011
010000
100100
111110
101100
100011
100100
001111
100010
000111
010000
010111
010101
110100
111101
000101
010001
100000
100000
011010
001011
101010
110001
011000
010000
000001
000000
011010
111110
100000
000010
010100
000110
000001
000011
100001
010111
000000
110000
101001
001001
010110
110111
000101
011111
001101
000101
000001
111000
111000
110101
001101
110000
010100
100100
100001
010100
001010
101101
100110
010001
110101
111001
001011
001111
101111
011100
101010
010001
110110
001100
011101
011100
000111
000110
001111
100110
000011
001101
101001
111100
110010
000100
000101
100101
000110
100110
111000
100100
011000
001000
011101
111011
111111
010101
001011
000011
111110
000000
000001
010000
111000
001001
000100
001100
101011
111101
100010
000011
110110
100100
000000
101010
111001
000000
101000
011100
101101
001110
011010
111001
001000
101111
010111
001100
001000
000001
010001
010111
111111
001011
101011
110110
110110
101111
111001
011111
010000
100001
100001
011000
010001
110010
010010
100011
101000
010000
101000
110011
001101
110111
100110
001010
100000
001000
110101
101001
001001
010101
111111
111100
000010
101010
110001
011000
101001
010010
100101
100100
011100
001000
010101
111101
101110
001010
100000
110010
011010
011000
010011
100011
110110
111001
100111
011000
100110
110010
111011
111010
011110
000100
000111
110111
101000
000110
010110
001100
001110
000101
010110
000011
101011
101101
000010
001110
001010
101100
101011
100000
100100
011100
010010
001011
111011
001001
000000
001001
000100
110111
011101
000010
000000
101000
111011
011000
010010
111010
100010
100101
011110
000000
110100
110001
010001
110100
101011
110101
110110
100010
000110
000001
110100
111000
000110
000100
011110
100000
101010
000110
111111
100001
101000
011111
010001
011111
001100
001000
011011
010100
000111
100001
011010
101010
000100
010110
110100
101100
000001
011100
011100
111001
101011
111100
100101
011000
000101
000101
000000
000101
101001
000101
100001
010100
011011
101011
011110
000001
110000
000111
010111
101101
101011
011000
110000
000100
011000
101011
111101
011100
100001
100001
011101
011111
000111
101010
100000
101001
000000
100110
001000
111100
111011
011111
000010
111100
010101
011101
110010
010001
101000
000100
000110
000001
100010
000100
111111
010101
101100
000001
001101
110000
111100
011101
000010
110110
101000
111100
110010
100110
010100
100100
101011
011011
111001
101100
001110
110101
110101
011111
100011
011101
100100
001001
111110
000001
110101
110110
111010
111100
110001
010010
101001
001001
000000
001010
010100
100001
110100
010000
010001
000010
100000
001001
110011
010110
111100
101101
110110
001100
010110
111101
000111
100010
101001
110110
000111
010010
001010
101011
001111
011111
000001
000000
110001
100001
000111
000010
110001
100100
011101
001111
111001
000001
011110
000000
011010
011011
011011
111110
011111
000110
101110
001000
001110
001001
001111
000101
100101
011100
000010
000100
001100
011001
010110
100011
100100
011000
000000
011010
101111
001110
001000
100001
111010
101001
101100
010001
011000
010011
011000
010001
001011
110100
000100
111100
111000
000001
010100
111001
011100
000001
011000
110011
011001
100000
110101
010000
110110
010001
100011
001000
111011
000100
111001
111011
001100
100111
010010
100010
010101
010000
010000
110100
101010
001000
111010
110010
110101
011000
101100
100001
100000
011110
001100
111010
001010
110001
001111
110101
011000
001100
000101
101000
000001
100100
001111
000100
011010
001000
001010
000001
001010
000100
001001
101011
010110
001110
010101
001001
111101
111000
100001
011110
001100
111010
010001
001001
001000
010010
110010
110110
010100
010011
111111
000110
101101
000100
101100
100010
100111
001100
101101
101010
111111
100000
010000
010110
110100
100001
110101
011010
011011
011100
011000
101010
110110
100000
111010
000101
110111
100000
100000
011010
100110
101111
001111
010110
100010
000100
101111
000101
000011
101000
011000
000011
111101
101101
111101
010101
110011
011001
110101
000011
100000
101001
111100
010000
001000
001110
010111
100110
111110
110100
010111
100111
010111
101101
101101
101001
100001
010010
000110
001011
110111
011100
000010
001110
010000
010001
111011
101110
100001
110100
000110
110011
011000
110010
011110
000000
110100
100101
000001
111110
100010
010110
001110
010100
000100
101000
011010
001100
001011
010110
110100
101101
010010
000101
110111
000001
010100
011011
000101
001101
111001
011111
010000
011000
111101
110101
100100
010000
101010
100101
010111
101010
100000
000100
011111
001011
100100
000001
110101
111010
000001
010100
011001
011100
001101
010011
111000
101110
000000
100001
111000
011011
110100
001100
001000
101001
011001
101001
000101
000000