000001
100000
000000
000000
001010
000100
000010
000000
100010
000000
010001
100000
000110
001000
000001
100000
000000
000100
000000
000100
100000
000000
000010
100000
000000
000000
010100
000000
101001
000000
001000
000000
000000
010001
000001
100000
000000
000100
000000
100010
000100
000000
001000
010011
000010
000100
000000
011001
010000
000000
010011
000000
000011
000001
000000
000000
010000
000000
000001
000000
010000
000000
100010
000000
010000
001000
001000
001000
100000
100000
000010
000000
010001
010000
000000
000111
000000
000000
000000
001000
001000
110000
100000
000000
000000
000000
010000
000000
000000
000000
000010
000000
000011
110010
000100
001000
000100
010000
000001
000000
010000
000000
010000
000000
010000
000000
100000
100010
100000
000010
000100
000000
100000
011011
000000
001000
000000
000000
000000
000010
100000
000000
000000
000010
000010
000001
000000
000100
000000
001000
000010
101000
000000
000011
000000
000100
000000
001010
010000
010000
000000
001100
001010
000000
010000
100000
100010
000000
000010
000000
000000
110000
100001
001000
100000
000000
000000
000000
010111
010000
000000
000000
001000
010000
010101
100010
100000
100100
011100
100000
100010
000000
000000
000100
000000
001100
010100
100000
100000
001000
110000
000000
100000
000010
000010
100000
000010
000001
000000
000100
001001
000000
000010
110100
010000
011000
001000
000000
001100
110001
000000
000010
000000
000100
100000
000000
000000
000000
001100
100000
010000
000010
000000
000010
000100
000101
001001
100000
000000
000000
000001
000100
000101
100100
000001
001000
000010
000000
000000
000010
000000
101110
100000
000000
001010
000000
111110
000101
000001
000000
000000
000010
000010
000000
100000
000000
010001
000000
010000
000110
000000
000000
000100
000000
000000
100001
001100
000000
000101
000000
000000
000000
000000
011000
000000
000000
000010
000000
000010
110000
001000
000000
000000
000000
000100
001000
000000
100000
100100
000000
000010
010100
000000
010000
000000
000000
000100
000001
010000
100110
100110
101000
010000
000000
000000
000010
000000
001000
000010
000010
000100
001000
000010
000100
000000
000000
000000
000000
000001
000000
010010
000100
101000
000000
110010
000000
000000
100100
100000
001000
000000
000000
000000
000000
010000
100000
000000
011010
001000
000010
000000
000000
010000
000000
001000
000100
010000
000000
010000
001000
000010
001000
000100
000000
000001
001000
000000
100000
100000
010000
000001
001000
000000
001000
001000
000001
000000
000000
000000
010000
000001
001000
001000
000000
000000
000001
000000
001110
000010
000000
000001
001000
100000
001000
000000
010000
000100
000011
000000
000000
101000
100000
010010
110001
000000
000001
010001
000000
001100
000000
001011
000000
110000
000101
100010
000001
010000
000000
000000
000110
100000
000010
010000
000000
011000
010000
000100
010000
000100
001000
000001
000000
001000
000111
010100
000000
101000
000000
000000
000001
000001
100000
100000
010001
000000
000000
101000
000000
000000
000010
001000
000001
000000
000000
000000
100000
010000
001001
000100
000000
001001
000100
000000
101000
100001
000100
010100
000010
100001
000000
010001
000000
000000
000000
001000
000100
000000
100100
001010
000000
000000
011000
000000
000000
000000
001010
000000
010000
100010
000000
000000
000000
000000
001000
000000
010100
000001
110000
000010
000010
000000
000000
101001
010110
000000
000000
000000
000000
000000
000000
000100
000100
000010
000001
000000
010110
000000
000000
100000
100100
100001
010000
000000
000110
001100
010000
001100
000001
000001
100001
000000
000100
100000
010010
010000
000000
000001
001000
000000
100000
000001
010000
000010
000000
100000
100001
001001
000010
000100
000010
000000
000001
000000
001000
010000
100100
001000
000110
110000
000000
100000
000000
000000
000000
001000
000010
000000
010000
100001
100100
000100
000101
100000
111000
000010
000100
100000
100000
000000
011000
010000
010100
000000
000010
000001
000000
000010
000000
000100
001000
000001
000100
100010
000000
000000
000110
000000
001000
010000
000000
000001
101110
000011
100000
000100
001000
000101
000010
000000
000010
000000
010000
001000
000000
100010
000000
000000
000000
000000
000000
010000
001000
001001
000100
000001
000110
000000
000000
000010
001000
000000
000000
000001
000000
000000
000000
100000
000001
000000
100000
000000
000100
000000
000100
000000
000000
000000
000000
100000
000010
000000
001000
000000
000000
000010
000000
100000
100010
000000
001000
000000
000000
101010
000000
000001
000000
011100
001100
001000
000000
111001
100011
001000
000000
000000
000100
001000
000000
000101
000000
111000
000100
000000
000000
100100
000000
100010
001000
000010
000001
000001
010000
000000
000000
000000
000100
010010
100000
011000
000000
000000
010001
000001
000100
010000
101100
010010
000001
000000
000110
000000
000100
001000
000001
000000
000000
000000
101000
100000
100100
101000
001001
000000
000100
000000
000101
000000
100000
000001
100000
001000
000000
000000
000000
001000
000000
110010
000000
100000
000000
000000
000000
000111
010000
000001
000101
100011
010000
100100
100000
001010
000000
000101
000000
000000
000000
000010
000000
001000
100000
000000
110000
001011
010000
000000
001000
000010
010000
000001
001000
000000
000000
000000
000000
010000
000010
001000
000100
000000
000000
010000
001001
000000
000000
000000
000000
001000
010000
000001
100000
000010
001000
110000
000000
110010
000000
001000
000000
010000
000001
000110
010100
000100
010000
000010
001000
010000
000000
000000
101010
000000
000000
000000
000100
000000
000100
001100
010000
001000
100000
000010
010000
001000
000100
000101
000101
000010
000100
001000
000000
011010
000100
000001
000000
000001
010100
000000
001100
010000
000000
000000
001000
000000
000000
010010
000110
000000
001010
000100
000001
010000
101101
000000
000000
100001
001010
000000
001000
100000
001100
110000
000001
001001
000100
010010
000010
000110
000000
000000
000000
000000
000000
001000
000000
100000
000000
000100
000000
000010
011010
100000
000000
001000
000000
110001
000100
000100
000100
001000
000000
001000
000000
000000
001001
100100
000000
100100
001000
001000
000001
000000
000000
100000
000000
001000
000000
000000
001100
000100
000101
000000
100000
110010
010000
000010
100000
100010
010000
010000
000000
000000
000000
100000
001000
000000
000100
000000
000010
000010
010000
000000
010100
010100
000000
001000
000001
000000
000000
100100
100001
100000
000000
000000
010000
000010
000110
000000
000000
000001
100000
000000
000110
000001
000000
000001
000000
000000
000000
010000
000100
000000
001000
000000
000000
000000
000000
100000
010000
001000
010110
000100
001000
000000
000000
000000
100000
100101
000100
001000
100000
010000
100101
100001
000101
000000
001010
001001
000000
000100
000100
001000
100000
010100
000010
000011
000000
000000
000000
000000
000000
000000
000000
000001
000000
100000
001010
000000
010000
100100
000001
000000
000001
000000
100000
010000
010000
010001
000001
000000
001000