010101
110101
110110
010111
010101
110110
101111
110100
100100
100100
000000
110101
111101
110111
111111
100101
010001
110001
100000
000000
001011
100100
111000
000011
011011
110111
100101
000111
111111
011101
011111
101011
001100
100000
101001
100100
001010
111100
101101
111010
010101
000000
111001
100101
010110
000110
010011
011110
011101
101011
110101
111101
000100
100010
010010
001110
101100
100111
011010
010000
110001
010011
001101
001000
111101
001100
011000
001101
100111
000010
011110
110000
011010
111011
100001
111000
111000
010011
111011
101001
010101
101110
111001
111111
101010
110100
101000
110101
100000
101010
000000
011100
011010
111001
010100
100100
111011
111101
011011
111111
100111
011101
100100
101001
001110
000111
001110
000000
111101
011000
010011
000101
101001
000110
110010
000011
100011
101011
111001
101001
001111
011100
110100
100000
000000
000011
000000
010011
111000
111100
101110
101001
011101
011110
110110
100111
110011
011110
100000
001011
001010
000001
011001
111011
101001
001000
101110
110010
000101
101100
001101
011001
010000
111001
111011
111111
101101
111100
111111
111101
101101
001001
111100
101001
001001
011111
000001
001001
101101
001001
010100
011001
010110
101011
011101
101001
100100
110100
011111
001011
011111
010111
001011
010011
101010
011100
011101
011101
100111
001001
010100
110000
111011
100100
100011
100110
110111
111101
001001
110010
000101
110101
001110
010111
010010
000011
000010
000110
010110
011100
010010
111100
111111
011111
011110
000001
110001
011011
011110
001101
000011
010111
010100
100010
000010
101100
001111
000100
010001
101000
010011
110100
100010
111110
111011
010000
000000
000011
011101
101011
101001
011110
010010
010111
001010
100010
001011
010011
000001
101010
101011
001010
010010
101001
011000
111010
011001
110101
100000
011100
010111
011011
000011
110011
001000
111001
111110
110111
110100
101111
010001
001000
001011
101010
000011
001000
100111
001100
100001
111100
101110
110100
100110
100111
110101
100001
001100
001000
101110
111000
001101
010110
010001
000110
100001
101111
111111
001100
101110
111011
010010
000110
110011
011010
101000
101000
111110
000100
000011
101110
111110
010110
110000
000001
111101
110010
110110
110101
010110
001000
111100
111110
000001
111000
011110
000001
001100
101111
000110
100001
010000
101100
100010
110111
010011
010111
001111
111110
011110
100010
111110
101000
110100
001011
000101
110010
011101
011111
001000
010111
101101
101011
110001
111101
100111
001110
010010
101110
110101
010011
000110
011110
101000
001101
010110
110101
000111
001100
111100
001011
001111
111001
110011
000010
011110
111110
000111
110110
010000
101000
001100
101101
100000
111001
001111
001101
101001
010100
001101
010110
000010
010000
000011
011110
111111
000101
100011
110101
101010
101011
100001
100011
100011
010100
101101
000011
100111
111010
110101
101001
010010
100101
000001
101111
101011
110011
001010
110111
000001
000010
100011
000111
010111
011111
100010
000000
011001
011011
100100
000100
100000
010111
000100
100010
011110
110101
011100
111010
001001
011110
011101
110010
111000
001110
000111
000110
100000
100011
100010
011100
011101
110010
111000
111101
001011
010000
101000
110010
011110
101001
100011
011101
001010
101101
010011
011001
110100
101001
011101
011110
010010
100010
001101
011110
111011
000101
100001
001111
110010
101011
111001
101011
000001
011000
000010
101111
111001
110100
111100
101001
000011
000101
001001
111001
100111
101010
111110
111110
100000
101100
110111
001010
011010
111011
011100
000010
100000
100000
010000
011000
010001
000010
111000
001100
001110
101101
000101
111000
001001
011100
001000
110110
000011
010100
111000
010010
110011
001010
011111
011110
001111
101001
011011
001000
011101
111011
110001
010100
110110
101001
111100
001010
110110
011011
100110
110011
001101
111111
101000
111111
000111
011100
000000
010100
001010
010101
100101
001001
000110
111100
000011
101011
111110
001110
000100
110000
011100
110011
011111
100011
001111
101110
111000
010010
011110
101100
111100
000001
001110
011110
111100
001100
010111
011111
101101
111110
011110
011001
110100
001000
111110
100111
001000
011100
001110
011101
101110
001001
001100
001011
101110
011101
100100
110001
011000
010110
101111
101010
111010
111100
111110
110111
010001
100011
100110
001101
001010
111101
110101
010001
010111
001110
111101
101111
010000
100000
010010
101001
011011
010010
001111
101101
010111
110011
100000
110110
010100
110110
001011
101010
011111
110101
111010
110010
010101
110011
111110
011010
110100
001110
000100
001100
110100
011111
001110
100110
010111
101111
010010
110011
001101
101010
101110
000101
111111
001101
000100
000110
111100
011111
011000
101100
001000
111010
101111
111011
100111
110010
001110
000110
101011
101110
000010
100100
011110
111100
001010
101110
000000
100110
000111
011100
111100
010010
011001
110111
101011
111011
011101
010011
000001
110101
001111
111101
010000
101011
100000
001111
011100
101101
111001
101101
101010
100000
100101
000011
010010
111110
011110
111001
010100
000111
101010
100001
110100
001101
000100
100100
110010
010000
011110
101111
110000
100101
111001
001101
000001
001101
101010
110110
101101
000101
101101
110011
001001
011000
010010
000100
111001
101010
011101
100000
111010
001010
011100
011100
110001
100101
000111
011000
111101
111100
100111
010011
001010
001101
011111
111111
101000
000010
000001
000100
101111
110000
100010
111100
010001
110100
011100
011001
100010
100101
100110
111110
010000
110101
010110
010110
100101
110011
010101
100001
110010
111001
101111
001100
011111
100101
100000
101001
011100
011001
100100
111010
000001
001100
010101
111011
110101
110101
001000
100110
111111
001100
010000
100011
011011
011111
001011
010111
110000
101000
011110
110000
110111
001001
100100
001001
100000
000010
011010
000101
011000
110000
001100
110110
110110
100101
010111
011100
010010
001000
101011
011111
110000
111010
000101
100101
100000
101101
001101
001011
010100
101110
000100
000011
111101
101101
011101
001101
100011
101001
111111
001001
010101
000110
000011
100011
100010
001110
110100
000010
010110
110100
011101
011100
111010
001011
000000
110011
110000
011110
011011
010010
011100
110001
110111
110000
100000
110010
011100
111100
010000
101011
011111
100100
111001
100111
010101
000100
110001
001010
110101
011100
111101
000100
001001
100101
001001
110000
000100
001011
010110
100001
111000
100111
010101
100011
111111
000110
101011
000100
000100
000011
100010
011010
100010
100111
110111
100100
100000
001001
000111
110110
010101
010011
010010
001000
010011
010001
000000
001111
000110
101111
011101
101001
101001
001010
001110
100010
111011
001101
011001
000001
000111
100001
110000
110011
011110
010111
111111
010101
011110
011000
001000
000001
100110
111010
110001
111010
101100
110001
010011
000111
101111
110011
101100
000100
011010
101101
110010
000100
110101
100011
101010
001001
111110
011010
111101
110110
111001
000000
001011
100010
100101
011100
110100
100111
000001
001001