000000
000000
000001
010011
101010
100011
000010
000000
110010
000101
000110
010000
000001
010000
001110
101100
000000
001110
000000
101010
010100
000100
011010
110000
001001
110001
000110
010000
100000
001001
000000
100101
000000
100000
110100
000101
010000
101101
100000
110101
110110
000000
000011
010110
000010
000100
000010
100000
000000
100010
000000
100010
011010
001000
001000
111011
001011
010001
010100
100001
010001
000001
110001
010001
001000
000000
000000
010000
010010
100100
010000
110101
000110
000000
000101
010000
100001
000110
101111
010011
010010
010000
001011
011000
001001
001010
000010
010000
011100
000100
110000
000001
010010
100010
000001
001001
100011
010000
100100
001100
000011
000010
000010
000100
110100
110101
110011
000001
011000
100000
010100
010001
101010
001101
000000
000011
001011
110001
100010
001000
001000
001000
010100
010001
100000
011010
101000
011001
100000
000101
100000
100001
101010
000010
000000
101011
110100
001101
010011
001010
010011
000000
000100
010000
000000
000101
000000
000010
000010
100000
011100
010011
000100
000000
000100
010000
000101
000000
101000
000001
111001
001000
001011
110011
001011
001000
001100
110100
011110
000000
000000
000110
001000
000100
111000
110110
010111
000000
000110
111000
100000
000000
001111
101000
111110
000011
010000
110000
110000
000000
000010
001000
100000
011100
010010
001001
111000
111000
000000
011000
101001
010010
000100
010010
100000
000100
011111
000111
110110
001010
000111
111000
011010
011001
011000
000010
110010
000000
011110
000001
110000
011001
100010
101010
001010
100100
000000
000000
110110
000010
000000
111000
000110
000000
000000
001011
100001
000000
001010
001110
110010
100000
101000
110100
000100
001101
111000
000010
100100
011110
100000
001101
110010
010011
010010
010101
001111
110011
000100
000100
110100
010001
001100
000000
001000
100011
001100
000000
010010
001100
001001
100010
100110
100101
110000
010010
000110
000101
001000
000100
000000
000000
000001
100101
000100
100000
010010
000001
001000
110010
001000
110000
110010
110100
111100
100010
101010
000101
001001
000000
000011
111000
010000
001001
011010
011000
000010
001010
000010
001010
100100
000011
000111
000000
010110
000010
110000
011101
010001
000100
011000
100110
000100
010000
000010
010101
001010
100101
100010
010110
001100
010000
000000
100010
001111
110001
010000
100000
011001
111010
000000
100000
100000
110100
000000
010011
000000
100010
011001
000100
000010
101000
100001
111110
001000
001000
000010
100000
000011
000000
011000
000001
000000
000011
011100
010001
010110
100100
100000
001101
011011
001110
110001
001010
000110
001110
111000
011000
000001
000101
000000
010100
010100
000001
001100
101100
011000
000000
000001
000110
011000
010010
101110
010000
100010
101101
001000
000000
000001
000100
101001
010100
010000
001111
000000
000000
001010
010110
011101
000111
000100
001000
100000
001000
000010
000000
001000
100100
010110
001101
100111
000011
001000
001001
110101
110100
001110
001010
100100
010010
011000
101000
001101
010000
001110
100101
010111
010000
000000
101001
010001
001011
001001
011100
010000
110000
000101
100001
110000
001101
101110
011000
000000
000010
001100
001000
010100
011101
001010
001000
110011
010000
010011
101000
000000
001000
000001
101001
100011
001000
000100
000001
111000
100001
010100
000010
100010
010110
000001
001010
000010
110000
000110
001000
010000
000001
110000
000010
001100
000100
101001
010001
001000
000100
000000
100100
001000
011001
000000
100000
010100
000010
000100
000001
110001
001000
100011
010010
110000
010111
111011
000001
001110
100110
010000
110011
100010
000000
000001
000001
010010
000000
000011
000000
001000
000000
010000
000011
100000
010000
001000
000000
110000
101110
000100
000011
011000
010011
010011
001000
011001
010111
010000
001000
101001
110100
011101
100000
100001
101111
101000
000101
001000
000010
100000
010010
100010
010010
100000
000000
011001
100100
010010
100000
000100
001100
010000
000100
000000
101010
010100
010000
000000
000001
010000
111011
001001
100001
000000
000000
000101
000011
001101
000010
100100
010001
110001
001011
000100
011000
110010
000101
001000
100100
000100
111010
001001
000100
101010
010000
110000
000111
010010
100001
111010
000001
101000
001010
110000
000100
000001
101000
010001
000000
000101
011001
000000
101000
000101
000011
010000
101001
010000
000010
101011
101010
000010
001111
010001
100000
000010
000011
000100
000101
011010
100100
001001
000101
000100
100000
011000
000010
010111
001000
101001
100011
001010
000010
010101
010000
000010
000100
001101
000001
001000
011000
001001
010110
010111
010000
111001
100100
001000
111011
000000
100100
000100
010001
000000
010010
010101
010010
101111
010000
110001
000011
000000
011000
000110
001100
010110
100011
100100
000100
110000
100001
110110
001010
000000
000001
000000
000000
101000
101000
000110
001000
001101
000000
010011
000000
000000
001010
110000
000011
010011
000001
100101
000010
000000
100000
000001
001000
000000
000010
100100
101100
100110
011100
010001
000001
000010
010000
000001
100001
000101
010010
000000
000000
000000
000010
010001
000111
010000
001001
100010
000100
111010
110000
000010
100111
000110
000101
000100
100010
101000
100111
000000
000100
100111
001001
001000
001000
100010
001100
000110
100000
010100
000000
010000
100100
111001
100000
100000
110111
110010
000000
001100
000011
000000
000101
011011
001111
001001
000111
001010
001000
011010
000010
010000
100000
010000
110100
000111
100011
100000
000000
101000
101000
011011
000011
000001
110000
000010
100010
001100
000010
011001
110110
000010
010100
001001
000011
100100
000010
000000
100011
000001
100111
000011
000000
010000
000100
010000
000100
100100
000000
000100
100110
000000
101000
000100
001001
000000
010001
000101
001010
000001
000000
011011
001101
000010
101100
110011
000010
100100
000000
000000
001000
100010
110011
000001
101000
100000
011010
001110
010001
100010
001001
110010
000000
100100
101001
001001
010000
100010
000101
100100
000100
000100
100000
110110
010010
011110
100010
101101
100101
011001
000110
110110
110000
110101
010010
000011
001110
000000
100110
001101
100001
000001
000011
001000
110010
010000
100100
100001
010000
100000
001000
000001
000010
010000
000010
011000
010010
100000
110010
000100
000000
100100
000011
001101
000101
110000
100100
100101
011000
010100
100111
101000
111000
000011
001101
001001
001100
000111
100010
011010
100100
011010
100000
001001
000001
010111
010000
110001
010001
010000
110000
001011
100000
010001
000010
100000
100010
001011
010000
000000
000000
010101
000010
100110
100011
110010
000011
011110
110000
001101
100000
001101
000000
000000
100000
111010
111000
000000
001000
000100
010000
100000
010000
001010
100001
000000
000001
001100
000110
000000
010000
100000
000011
000001
001010
101011
010001
000010
000001
000000
001001
001000
000100
100010
000110
110000
000100
100100
000000
000101
000000
000001
010000
110001
101101
010011
000110
010000
000010
000010
010000
010000
101011