010010
010100
100000
100101
000000
101010
000000
001000
101010
000000
010100
000110
000010
010000
111100
000000
011000
000000
001100
001001
110010
100011
001000
000000
101000
000000
000101
000000
110010
111001
000100
000110
100001
101000
000100
000000
000000
110101
010110
000000
100000
000001
110000
011010
000000
000001
001101
100000
000010
000000
111000
101100
000110
000000
000000
010010
000000
001000
110100
101000
000010
110000
001010
100000
000100
101011
000100
000001
010000
100010
101010
001100
000111
000010
101000
000000
101001
101001
111011
001110
100100
000010
111000
000101
000011
010100
000001
010000
010000
010010
000110
001110
100011
001000
000101
011010
000000
100000
011000
000001
000101
110101
000010
000010
000000
000000
011101
110000
000000
000000
000101
001011
011011
000101
001000
000111
000100
000000
010000
110000
101001
010100
010000
100000
100110
100101
010110
001001
100001
000000
000000
001000
110100
110000
000000
001000
110000
010000
000010
001001
010000
110000
000000
010000
001001
000000
010001
000000
000000
001000
000000
110110
000100
001100
101100
111100
000001
101111
000110
110001
001100
000011
000001
001000
010100
001000
001000
111011
001100
000100
001100
101100
000010
100100
110101
000100
001100
000000
011100
001000
001100
011000
000000
111001
100000
001001
001000
010000
000001
000000
010010
101100
100101
101010
000010
010010
000000
001010
001100
101010
110101
101000
010100
011001
111000
100110
010100
010101
001000
000100
000010
100111
000000
011000
000110
100101
100100
011000
000001
100000
000000
111000
000000
110000
110000
000000
000001
100100
001000
001000
001000
101100
010000
000000
001100
000101
111111
010001
001011
011100
000001
010000
000000
011010
000010
001010
001000
000000
100000
000010
000101
110100
100100
000010
011100
010100
000100
100000
010101
010000
001000
000001
110000
001000
110010
001001
011000
100000
000011
000100
101101
000000
000000
000010
000000
100101
001001
000001
000011
001000
100100
000010
000000
001100
101000
110011
000001
110001
011000
110001
101011
001000
010101
001010
100011
011010
000001
001011
001111
011000
000111
000000
001101
001000
000010
100011
100000
001100
000110
011110
101000
000110
000010
110000
000001
010011
000100
010001
000001
000101
101101
101100
001000
100000
011000
000000
011000
000000
000000
100000
100110
000100
101001
010011
010000
100010
001000
001001
100000
000000
011000
000000
011000
010101
000011
010001
001001
100100
001010
111010
100010
100100
000000
000001
000001
000000
000000
100010
010000
100000
001001
100011
100100
000101
001110
110011
011011
110000
000000
100010
000001
000111
000001
010001
001100
001101
001100
001010
001101
001010
110000
000010
000000
010000
000100
000001
011010
010010
000001
000110
010101
010001
100100
001000
000000
000000
010010
101000
100000
000000
000001
000000
010000
000011
000001
001111
100100
100000
100010
101001
000001
010010
101000
000001
000100
100000
000100
000000
111000
111010
000101
100000
110001
011000
001000
001000
100000
000000
001011
000100
000010
001000
000101
001010
001000
100010
000000
100000
100101
100000
110100
110100
111000
000110
010000
010001
000111
110100
010101
110000
100110
000010
000001
100000
001000
100000
100000
001100
100000
000001
111001
001010
010100
010010
010000
101010
000110
000100
000110
001111
111100
000000
111100
000110
001000
000000
110100
110000
011010
010010
100101
010000
100000
010010
110010
000011
000100
001000
000000
000010
100010
101011
000001
111000
101001
010010
000100
001000
000001
011000
000010
000011
010101
001110
110000
010011
010011
010001
100100
111110
111101
110000
101100
100000
010000
100011
001110
000110
110000
110110
001010
001000
010110
001000
000000
010100
001000
011010
100000
010101
000110
000010
011001
000010
100010
000110
101010
000000
000100
101000
000010
000001
100110
000011
000000
101010
100001
000001
100000
010100
110100
001000
100100
100001
010100
000011
010001
001000
001000
001000
001010
001000
011010
011000
100000
000000
001000
010100
000101
100010
000010
010000
110000
010001
000000
000000
000100
001011
100000
101000
010001
000100
100000
111000
000010
111100
010000
100101
011011
010001
000001
110101
100001
100110
011010
010000
001001
011000
100000
101000
010010
000000
000000
000111
111000
010011
000001
001000
000000
010000
111001
000000
110100
001110
001011
000100
000000
010001
110000
000010
000000
010001
100000
011001
011100
000011
000000
010010
000001
101001
101000
000001
010101
000000
100000
000110
000111
001110
110100
000010
100001
101000
100110
000100
100100
000001
110000
010000
001110
001011
100010
001101
010000
110010
100000
001100
000001
001101
110010
001100
000101
000001
001100
000010
010000
100010
100100
000000
000010
011010
010010
101011
000100
000000
011000
001000
001110
000010
010000
010110
001000
100110
000000
110101
110010
000100
000011
010000
001000
000001
001110
101000
100010
011011
010101
001001
000100
000000
001000
000110
110010
110000
111101
110001
100000
111001
000100
101000
000000
000000
000000
101010
010111
000000
011010
111001
110011
110000
001101
001000
010001
000000
100001
001101
000000
100100
011001
000010
000000
011100
110000
001000
000110
010100
111001
100001
100100
110011
000000
010000
000100
001001
000000
000001
010000
000110
100010
111000
010111
010100
010000
000001
111010
001001
000000
111001
010100
001110
000000
000100
010110
000100
001000
111000
000100
001000
000001
010100
010000
100000
100100
001000
000001
010011
010000
101000
001000
010110
100001
000010
101000
110100
001000
000010
101000
100000
000001
000010
000001
101000
011000
010110
001100
001000
110000
100000
010011
101000
100010
000100
011100
010001
011010
110110
111000
000001
010100
000010
110000
001010
000010
000000
111001
000000
111001
000101
010000
001010
000000
001001
001100
010011
011110
100000
001111
100100
000000
000110
000000
000000
000011
101001
100011
000001
110110
010000
010100
111000
100000
000000
000010
000000
000001
000100
000110
000110
010000
000110
101000
111101
001010
001100
000100
000000
000110
010100
100000
111000
101001
100001
001001
011001
000000
010111
000100
000011
111001
110110
000001
000010
100001
110000
100001
000110
010000
000010
000011
000100
011000
011001
110000
011100
000000
001010
000001
001000
001011
000000
110011
000001
000001
001000
000000
101001
011100
111010
100001
000000
000000
000000
011000
110000
000001
001100
100110
000000
000011
000000
000011
001000
101110
001000
100000
100011
000000
110010
001010
001101
000010
100110
100100
000011
001010
001001
111001
010100
000100
010000
000000
001011
000001
010010
010000
000100
001000
000100
000110
001010
000100
000100
100000
010000
100110
110000
110000
001100
100100
001000
001000
110000
000001
110001
000000
001010
001010
000000
000010
001001
010000
010110
100100
000000
000010
000000
100000
000000
110100
000010
111101
010000
000101
100000
111000
011011
110110
000001
010011
110001
001001
011101
000110
110010
000000
011110
001001
000101
000011
001000
000100
000000
000001
000000
001000
001101
001000
100010
100001
000000
000001
100010